0 121
0 167
1 121
2 7
2 12
2 58
2 66
2 75
2 76
2 144
2 182
4 95
4 149
5 12
5 78
5 151
6 76
6 144
7 2
7 76
7 182
8 94
9 103
10 126
10 164
11 74
12 2
12 5
12 13
12 14
12 21
12 22
12 30
12 34
12 40
12 41
12 42
12 43
12 44
12 45
12 46
12 48
12 50
12 51
12 52
12 55
12 56
12 57
12 62
12 63
12 64
12 70
12 72
12 75
12 77
12 82
12 84
12 88
12 91
12 92
12 94
12 96
12 100
12 101
12 104
12 105
12 106
12 107
12 108
12 109
12 110
12 112
12 114
12 115
12 116
12 117
12 118
12 121
12 127
12 128
12 129
12 132
12 135
12 136
12 138
12 139
12 143
12 148
12 150
12 151
12 152
12 153
12 154
12 155
12 158
12 161
12 163
12 165
12 167
12 168
12 169
12 170
12 171
12 172
12 174
12 175
12 177
13 12
14 12
15 16
16 15
17 146
18 61
18 70
18 85
18 178
19 34
20 123
20 178
21 12
22 12
23 61
23 65
23 70
23 94
23 136
23 148
24 83
24 99
24 120
25 61
25 65
25 83
25 85
25 118
25 123
26 94
27 120
28 164
29 63
30 12
30 178
31 62
31 96
31 102
31 103
31 105
31 110
31 157
31 171
32 53
33 147
34 12
34 19
35 115
36 99
37 110
37 149
38 105
38 171
38 187
39 105
39 148
40 12
40 67
41 12
41 63
42 12
42 151
43 12
44 12
45 12
46 12
48 12
49 135
50 12
51 12
52 12
53 32
53 60
53 96
53 155
54 72
54 107
55 12
56 12
56 59
56 85
57 12
58 2
58 145
59 56
59 103
59 192
60 53
61 18
61 23
61 25
61 85
62 12
62 31
63 12
63 29
63 41
63 155
63 164
63 189
64 12
65 23
65 25
65 85
66 2
66 108
66 180
67 40
69 179
69 188
70 12
70 18
70 23
72 12
72 54
72 99
72 107
72 115
72 185
74 11
75 2
75 12
76 2
76 6
76 7
76 182
77 12
78 5
80 139
80 142
82 12
83 24
83 25
83 115
84 12
85 18
85 25
85 56
85 61
85 65
85 94
88 12
88 164
88 179
88 187
88 188
89 185
90 171
91 12
92 12
92 140
93 191
94 8
94 12
94 23
94 26
94 85
95 4
95 192
96 12
96 31
96 53
97 185
98 190
99 24
99 36
99 72
100 12
101 12
101 140
101 180
102 31
103 9
103 31
103 59
104 12
105 12
105 31
105 38
105 39
106 12
107 12
107 54
107 72
107 185
108 12
108 66
108 180
109 12
109 145
110 12
110 31
110 37
110 191
110 192
111 140
112 12
112 145
114 12
115 12
115 35
115 72
115 83
116 12
117 12
118 12
118 25
120 24
120 27
121 0
121 1
121 12
121 193
123 20
123 25
124 125
125 124
126 10
126 145
126 189
127 12
128 12
129 12
130 131
131 130
132 12
132 133
133 132
134 135
135 12
135 49
135 134
135 154
135 168
136 12
136 23
136 137
137 136
138 12
139 12
139 80
139 142
140 92
140 101
140 111
141 186
142 80
142 139
143 12
144 2
144 6
145 58
145 109
145 112
145 126
145 181
146 17
146 169
147 33
148 12
148 23
148 39
148 191
148 192
149 4
149 37
149 192
150 12
151 5
151 12
151 42
152 12
153 12
154 12
154 135
154 168
155 12
155 53
155 63
155 190
156 182
157 31
157 191
157 192
158 12
160 161
161 12
161 160
163 12
164 10
164 28
164 63
164 88
164 179
164 188
164 189
165 12
166 167
167 0
167 12
167 166
168 12
168 135
168 154
169 12
169 146
170 12
171 12
171 31
171 38
171 90
172 12
172 191
173 174
174 12
174 173
175 12
177 12
178 18
178 20
178 30
179 69
179 88
179 164
179 187
179 188
179 189
180 66
180 101
180 108
181 145
181 183
182 2
182 7
182 76
182 156
183 181
184 185
185 72
185 89
185 97
185 107
185 184
186 141
187 38
187 88
187 179
187 188
188 69
188 88
188 164
188 179
188 187
189 63
189 126
189 164
189 179
190 98
190 155
191 93
191 110
191 148
191 157
191 172
191 192
192 59
192 95
192 110
192 148
192 149
192 157
192 191
193 121
195 197
195 198
195 200
195 201
195 206
195 208
195 211
195 212
195 215
195 225
195 227
195 228
195 233
195 234
195 235
195 236
195 243
195 245
195 246
195 247
195 248
195 249
195 251
195 253
195 255
195 256
195 257
195 260
195 261
195 263
195 264
195 269
195 271
195 274
195 275
195 278
195 279
195 280
195 282
195 284
195 285
195 286
195 287
195 295
195 296
195 297
195 299
195 302
195 303
195 308
195 310
195 311
195 312
195 317
195 318
195 319
195 320
195 325
195 327
195 328
195 330
195 331
195 332
195 333
195 334
195 336
195 338
195 339
195 340
195 344
195 346
195 349
195 350
195 351
195 354
195 360
195 364
195 365
195 370
195 372
195 373
195 374
195 375
195 376
195 378
195 379
195 381
196 203
196 224
196 285
196 290
196 291
196 295
196 303
196 312
196 316
196 319
196 325
196 361
196 381
197 195
197 205
197 217
198 195
198 199
199 198
200 195
201 195
202 358
203 196
204 334
205 197
205 217
205 375
206 195
206 247
207 274
208 195
208 289
208 317
210 219
211 195
212 195
213 321
214 364
215 195
215 267
217 197
217 205
217 229
217 233
218 219
219 210
219 218
219 223
219 274
219 324
221 222
221 322
222 221
223 219
224 196
224 302
225 195
226 252
226 351
226 364
227 195
227 313
227 350
227 356
227 370
228 195
228 335
228 351
229 217
229 230
230 229
230 316
231 269
231 356
232 261
232 284
233 195
233 217
234 195
235 195
236 195
236 309
237 290
238 239
238 351
239 238
240 309
240 369
241 300
242 243
242 270
243 195
243 242
243 298
243 299
243 323
243 332
243 345
245 195
246 195
247 195
247 206
248 195
249 195
250 305
251 195
251 252
252 226
252 251
253 195
253 361
255 195
256 195
256 326
257 195
257 304
259 333
259 335
260 195
261 195
261 232
263 195
263 289
264 195
264 265
264 317
265 264
266 319
266 322
267 215
267 268
268 267
269 195
269 231
269 270
270 242
270 269
271 195
271 321
272 273
272 322
272 333
273 272
273 333
274 195
274 207
274 219
275 195
275 277
275 322
277 275
277 333
278 195
279 195
280 195
280 364
281 287
282 195
283 309
284 195
284 232
284 317
285 195
285 196
285 302
285 381
286 195
286 361
287 195
287 281
287 316
287 342
288 322
288 366
289 208
289 263
289 317
289 351
290 196
290 237
290 339
290 353
291 196
291 292
291 293
291 294
291 322
292 291
293 291
293 343
294 291
295 195
295 196
295 302
296 195
297 195
298 243
299 195
299 243
300 241
301 353
302 195
302 224
302 285
302 295
302 312
302 325
302 339
302 374
303 195
303 196
303 304
303 305
303 306
303 307
303 322
304 257
304 303
305 250
305 303
306 303
306 333
307 303
307 311
308 195
309 236
309 240
309 283
309 336
309 348
309 368
309 380
310 195
311 195
311 307
311 335
312 195
312 196
312 302
313 227
316 196
316 230
316 287
317 195
317 208
317 264
317 284
317 289
318 195
319 195
319 196
319 266
320 195
321 213
321 271
321 322
322 221
322 266
322 272
322 275
322 288
322 291
322 303
322 321
322 325
322 329
322 361
322 362
322 367
323 243
324 219
325 195
325 196
325 302
325 322
325 326
325 327
325 374
326 256
326 325
327 195
327 325
328 195
328 364
329 322
330 195
330 341
331 195
331 333
332 195
332 243
333 195
333 259
333 272
333 273
333 277
333 306
333 331
333 340
334 195
334 204
335 228
335 259
335 311
335 340
336 195
336 309
338 195
339 195
339 290
339 302
340 195
340 333
340 335
341 330
342 287
343 293
344 195
345 243
346 195
347 376
348 309
349 195
350 195
350 227
351 195
351 226
351 228
351 238
351 289
351 352
351 356
351 358
352 351
353 290
353 301
354 195
355 381
356 227
356 231
356 351
356 357
356 358
356 359
356 370
357 356
358 202
358 351
358 356
359 356
360 195
361 196
361 253
361 286
361 322
362 322
362 364
363 379
364 195
364 214
364 226
364 280
364 328
364 362
365 195
366 288
367 322
368 309
369 240
370 195
370 227
370 356
372 195
373 195
374 195
374 302
374 325
375 195
375 205
376 195
376 347
376 377
377 376
378 195
379 195
379 363
380 309
381 195
381 196
381 285
381 355
382 485
382 502
382 556
382 584
383 388
383 407
383 414
383 428
383 449
383 453
383 454
383 455
383 459
383 460
383 463
383 464
383 465
383 466
383 468
383 469
383 470
383 471
383 472
383 473
383 474
383 475
383 476
383 478
383 479
383 480
383 481
383 483
383 484
383 486
383 487
383 490
383 495
383 496
383 497
383 498
383 499
383 500
383 501
383 503
383 504
383 505
383 506
383 509
383 512
383 513
383 515
383 516
383 517
383 519
383 523
383 524
383 526
383 527
383 528
383 531
383 532
383 533
383 535
383 536
383 539
383 540
383 541
383 542
383 544
383 545
383 546
383 547
383 548
383 549
383 554
383 556
383 557
383 558
383 559
383 561
383 563
383 564
383 565
383 566
383 567
383 570
383 571
383 573
383 577
383 579
383 581
383 582
383 584
383 585
383 591
383 597
383 599
383 601
383 604
383 605
383 610
385 386
386 385
386 477
386 518
388 383
388 457
391 392
392 391
392 518
393 394
393 590
394 393
394 497
394 590
395 558
396 492
397 398
397 399
397 455
398 397
399 397
399 560
400 540
400 587
402 446
402 465
405 552
406 459
406 565
407 383
407 544
409 518
409 578
410 411
410 589
411 410
412 558
413 502
414 383
415 416
415 588
416 415
416 497
416 588
417 453
417 494
417 514
418 461
419 454
419 578
421 422
421 423
421 494
422 421
422 423
423 421
423 422
423 453
423 456
424 533
425 482
425 546
426 521
426 544
428 383
428 453
428 456
428 536
428 543
428 568
429 491
429 536
429 568
430 590
431 533
432 610
433 453
435 437
437 435
438 587
440 494
442 443
442 564
443 442
443 533
444 610
445 492
446 402
447 468
449 383
450 472
451 452
452 451
452 594
453 383
453 417
453 423
453 428
453 433
454 383
454 419
454 484
455 383
455 397
456 423
456 428
456 462
457 388
458 607
459 383
459 406
459 474
459 478
459 483
459 539
459 548
459 549
459 598
459 607
460 383
460 485
460 590
460 606
461 418
462 456
462 525
463 383
464 383
464 515
464 527
464 594
465 383
465 402
465 495
466 383
466 508
467 602
468 383
468 447
469 383
470 383
470 491
470 606
471 383
471 472
471 589
471 603
472 383
472 450
472 471
472 476
472 510
472 544
472 578
473 383
474 383
474 459
474 607
475 383
475 610
476 383
476 472
476 580
477 386
478 383
478 459
478 548
478 577
478 587
479 383
480 383
480 522
480 548
481 383
481 610
482 425
482 506
482 528
482 607
482 611
483 383
483 459
483 607
484 383
484 454
484 512
485 382
485 460
485 515
485 525
485 557
485 585
485 606
486 383
486 500
486 522
487 383
490 383
490 598
490 610
491 429
491 470
491 515
492 396
492 445
493 553
494 417
494 421
494 440
495 383
495 465
495 564
496 383
496 608
497 383
497 394
497 416
498 383
498 602
499 383
499 602
500 383
500 486
500 512
500 521
500 576
501 383
501 610
502 382
502 413
503 383
504 383
505 383
505 605
506 383
506 482
506 521
508 466
509 383
509 556
509 559
510 472
511 594
512 383
512 484
512 500
512 539
512 548
513 383
514 417
514 605
515 383
515 464
515 485
515 491
515 535
515 537
515 557
515 606
516 383
516 538
517 383
517 601
518 386
518 392
518 409
519 383
520 605
521 426
521 500
521 506
521 522
521 567
521 598
522 480
522 486
522 521
522 592
523 383
524 383
525 462
525 485
526 383
527 383
527 464
527 594
528 383
528 482
528 588
528 608
529 589
529 593
531 383
531 593
532 383
533 383
533 424
533 431
533 443
533 607
533 608
535 383
535 515
536 383
536 428
536 429
537 515
537 586
538 516
539 383
539 459
539 512
539 548
540 383
540 400
541 383
541 602
542 383
543 428
543 589
544 383
544 407
544 426
544 472
545 383
546 383
546 425
547 383
548 383
548 459
548 478
548 480
548 512
548 539
548 549
548 550
548 577
549 383
549 459
549 548
550 548
550 587
552 405
553 493
554 383
555 607
556 382
556 383
556 509
556 605
556 610
557 383
557 485
557 515
557 606
558 383
558 395
558 412
559 383
559 509
560 399
561 383
561 595
563 383
563 589
563 601
564 383
564 442
564 495
564 606
564 611
565 383
565 406
566 383
566 595
567 383
567 521
568 428
568 429
570 383
571 383
572 611
573 383
575 605
576 500
576 577
576 598
577 383
577 478
577 548
577 576
577 582
577 587
578 409
578 419
578 472
579 383
579 606
580 476
581 383
581 607
582 383
582 577
583 587
584 382
584 383
585 383
585 485
586 537
587 400
587 438
587 478
587 550
587 577
587 583
588 415
588 416
588 528
588 607
589 410
589 471
589 529
589 543
589 563
589 601
589 603
589 604
590 393
590 394
590 430
590 460
591 383
592 522
592 595
593 529
593 531
594 452
594 464
594 511
594 527
594 597
595 561
595 566
595 592
595 598
597 383
597 594
598 459
598 490
598 521
598 576
598 595
599 383
601 383
601 517
601 563
601 589
601 604
602 467
602 498
602 499
602 541
603 471
603 589
603 604
604 383
604 589
604 601
604 603
605 383
605 505
605 514
605 520
605 556
605 575
606 460
606 470
606 485
606 515
606 557
606 564
606 579
607 458
607 459
607 474
607 482
607 483
607 533
607 555
607 581
607 588
607 608
608 496
608 528
608 533
608 607
610 383
610 432
610 444
610 475
610 481
610 490
610 501
610 556
611 482
611 564
611 572
612 613
612 615
612 827
612 830
612 875
613 612
613 615
613 725
614 805
615 612
615 613
615 622
615 623
615 624
615 626
615 627
615 633
615 634
615 635
615 637
615 639
615 640
615 641
615 642
615 645
615 646
615 647
615 648
615 649
615 652
615 656
615 659
615 660
615 666
615 667
615 671
615 685
615 686
615 689
615 698
615 701
615 703
615 704
615 709
615 718
615 719
615 720
615 721
615 724
615 725
615 726
615 728
615 731
615 732
615 737
615 739
615 741
615 742
615 745
615 748
615 751
615 755
615 759
615 768
615 769
615 770
615 771
615 774
615 775
615 778
615 782
615 785
615 788
615 790
615 793
615 795
615 796
615 798
615 802
615 803
615 804
615 805
615 809
615 810
615 812
615 815
615 817
615 818
615 819
615 826
615 827
615 828
615 829
615 830
615 831
615 833
615 835
615 836
615 839
615 840
615 843
615 846
615 850
615 857
615 858
615 859
615 860
615 861
615 863
615 864
615 866
615 867
615 869
615 870
615 874
615 876
616 733
617 802
618 620
618 643
618 712
619 708
620 618
620 623
620 655
621 623
621 646
621 685
621 694
621 736
622 615
622 701
622 818
623 615
623 620
623 621
623 694
623 736
623 796
624 615
624 659
625 648
625 704
625 713
626 615
626 829
626 830
627 615
627 682
627 776
627 844
628 670
629 630
629 687
629 759
630 629
630 631
630 687
630 759
631 630
631 632
631 687
631 757
631 759
632 631
632 687
632 759
633 615
634 615
635 615
635 659
635 660
636 677
637 615
638 644
638 647
639 615
639 659
639 660
640 615
640 642
640 658
640 698
640 830
640 850
641 615
641 658
642 615
642 640
642 665
643 618
644 638
645 615
645 659
645 660
645 681
646 615
646 621
646 694
647 615
647 638
647 661
647 662
647 678
647 681
647 813
648 615
648 625
648 688
648 704
648 776
648 836
648 860
649 615
649 677
649 873
650 651
651 650
651 665
652 615
652 653
652 805
653 652
655 620
655 838
656 615
656 668
657 751
658 640
658 641
658 663
658 695
658 729
658 760
658 811
658 850
659 615
659 624
659 635
659 639
659 645
659 661
659 714
659 735
659 744
659 807
659 808
659 846
659 855
660 615
660 635
660 639
660 645
660 735
660 744
660 808
660 846
660 855
661 647
661 659
661 732
661 741
661 752
661 755
661 779
661 814
661 848
662 647
662 732
662 738
662 741
662 755
662 779
662 814
662 848
663 658
663 664
663 768
663 769
663 840
663 852
664 663
664 665
665 642
665 651
665 664
665 700
665 717
665 718
665 723
665 760
665 768
665 774
665 777
665 856
665 862
665 863
666 615
667 615
668 656
668 865
668 868
669 751
670 628
671 615
671 847
672 786
673 765
673 838
674 778
674 801
675 676
675 741
676 675
676 781
677 636
677 649
677 804
677 847
678 647
678 754
678 804
678 847
678 863
679 680
680 679
681 645
681 647
681 693
681 804
681 805
681 864
682 627
682 751
682 769
683 718
683 722
683 724
684 759
685 615
685 621
686 615
687 629
687 630
687 631
687 632
687 704
687 854
687 867
688 648
688 704
688 713
688 867
689 615
689 691
690 691
691 689
691 690
691 692
692 691
693 681
693 712
693 719
693 796
693 802
693 866
694 621
694 623
694 646
694 747
694 806
695 658
696 698
696 778
696 827
696 833
697 833
698 615
698 640
698 696
698 772
698 822
698 823
698 825
698 826
699 700
700 665
700 699
701 615
701 622
702 829
703 615
703 776
704 615
704 625
704 648
704 687
704 688
704 751
704 821
704 841
704 860
704 867
705 706
705 707
705 708
706 705
706 708
707 705
708 619
708 705
708 706
709 615
710 769
711 769
712 618
712 693
713 625
713 688
713 746
714 659
715 799
717 665
717 718
718 615
718 665
718 683
718 717
718 828
718 873
719 615
719 693
720 615
720 751
721 615
721 757
722 683
723 665
723 724
724 615
724 683
724 723
725 613
725 615
726 615
726 842
727 728
728 615
728 727
729 658
729 730
730 729
731 615
732 615
732 661
732 662
732 813
733 616
735 659
735 660
736 621
736 623
737 615
738 662
738 813
739 615
739 802
741 615
741 661
741 662
741 675
741 813
742 615
743 800
744 659
744 660
745 615
745 789
746 713
747 694
748 615
749 750
750 749
751 615
751 657
751 669
751 682
751 704
751 720
751 820
751 841
752 661
752 813
753 867
754 678
755 615
755 661
755 662
755 813
756 810
757 631
757 721
757 758
757 873
758 757
758 759
759 615
759 629
759 630
759 631
759 632
759 684
759 758
759 821
759 831
759 841
759 867
760 658
760 665
760 762
761 762
762 760
762 761
765 673
766 767
767 766
768 615
768 663
768 665
768 769
769 615
769 663
769 682
769 710
769 711
769 768
770 615
770 868
771 615
771 789
772 698
773 836
774 615
774 665
774 775
775 615
775 774
776 627
776 648
776 703
776 835
776 836
776 860
777 665
777 778
778 615
778 674
778 696
778 777
779 661
779 662
779 813
781 676
781 806
781 815
781 838
781 870
782 615
783 789
784 838
785 615
786 672
786 787
786 791
787 786
787 791
787 830
788 615
788 791
789 745
789 771
789 783
789 849
789 871
790 615
791 786
791 787
791 788
793 615
794 815
795 615
795 868
796 615
796 623
796 693
796 802
797 798
798 615
798 797
799 715
800 743
800 866
801 674
802 615
802 617
802 693
802 739
802 796
802 866
802 869
803 615
804 615
804 677
804 678
804 681
805 614
805 615
805 652
805 681
805 874
806 694
806 781
806 815
807 659
808 659
808 660
809 615
810 615
810 756
811 658
812 615
813 647
813 732
813 738
813 741
813 752
813 755
813 779
813 814
813 848
814 661
814 662
814 813
815 615
815 781
815 794
815 806
817 615
818 615
818 622
819 615
820 751
821 704
821 759
822 698
822 825
822 826
823 698
823 824
823 826
824 823
825 698
825 822
825 826
826 615
826 698
826 822
826 823
826 825
827 612
827 615
827 696
828 615
828 718
828 829
829 615
829 626
829 702
829 828
829 830
830 612
830 615
830 626
830 640
830 787
830 829
831 615
831 759
831 867
833 615
833 696
833 697
833 834
834 833
835 615
835 776
836 615
836 648
836 773
836 776
836 860
837 838
838 655
838 673
838 781
838 784
838 837
839 615
840 615
840 663
841 704
841 751
841 759
841 867
842 726
842 843
843 615
843 842
844 627
845 846
846 615
846 659
846 660
846 845
847 671
847 677
847 678
848 661
848 662
848 813
849 789
850 615
850 640
850 658
850 851
851 850
852 663
852 853
853 852
854 687
855 659
855 660
856 665
856 857
857 615
857 856
858 615
859 615
860 615
860 648
860 704
860 776
860 836
861 615
862 665
862 863
862 872
863 615
863 665
863 678
863 862
864 615
864 681
865 668
866 615
866 693
866 800
866 802
866 868
867 615
867 687
867 688
867 704
867 753
867 759
867 831
867 841
867 871
868 668
868 770
868 795
868 866
869 615
869 802
870 615
870 781
871 789
871 867
872 862
873 649
873 718
873 757
874 615
874 805
875 612
876 615
