1739 848
306 1376
512 411
76 1934
1400 848
129 2193
1364 1003
2175 120
1503 1504
1312 1269
1516 833
2509 517
1412 1328
1025 1449
1126 583
1442 414
2220 2226
143 363
236 1617
847 967
2026 576
1277 2470
1136 1286
568 478
700 747
1571 1216
1986 2462
1150 1323
1696 2175
701 15
1343 672
524 520
891 1437
635 375
193 280
1301 960
2373 2374
576 839
2067 1792
439 388
747 127
640 1363
490 492
1305 1575
1067 576
667 2570
1854 2122
2706 1640
157 740
872 1520
92 479
1093 2085
97 439
427 610
2318 1977
854 1231
2322 2500
90 680
1138 806
1358 591
1875 1891
110 687
862 638
1223 1335
615 98
1557 691
1366 2562
687 2381
163 141
474 698
1459 633
565 554
1739 641
948 1446
2533 2517
2337 2218
1304 1354
991 1084
354 839
1497 1163
1171 1050
238 301
635 683
1516 1136
2066 2674
2187 2314
294 466
2342 2151
1593 978
1962 2509
1296 456
737 2024
109 1661
2030 744
2225 1732
1334 163
1851 503
2524 260
988 1515
857 2060
160 2540
2360 2040
2517 2533
1123 541
453 1025
1607 1335
2704 209
1827 2083
565 128
344 316
1277 2152
912 1150
518 766
422 163
578 13
541 183
565 305
1738 1264
2298 2518
1958 2220
523 882
467 276
1335 1267
2366 2458
2332 2334
2470 1277
2457 690
776 342
2312 1259
1259 521
2334 2332
693 1471
881 2203
2666 451
1461 954
14 613
844 1184
1174 1297
1236 382
64 486
688 1248
747 91
1651 877
1377 288
1249 1473
427 561
1978 2510
283 565
672 2360
853 2423
1547 1283
1321 297
2045 2550
2294 649
1683 1559
1647 2586
68 1632
2698 1759
127 747
163 2316
371 157
116 88
1253 1131
1514 429
834 1067
2081 2159
1732 2423
772 1241
1232 1178
2153 889
1138 1344
819 818
1870 1713
75 1854
1819 1781
129 2446
2649 249
1209 539
767 569
260 2559
150 643
2281 1134
934 1631
1067 1814
1218 714
1128 1288
1721 1569
1632 68
2175 163
527 1968
1656 1822
1338 1654
700 879
2545 1795
1637 1562
922 1233
2585 2441
1166 1160
1922 570
318 2310
469 78
1955 2194
1763 745
2531 2566
42 163
1716 1713
190 2223
469 160
2146 1003
1845 68
627 1057
109 778
371 2507
736 1116
1470 411
2216 2361
1961 2100
145 2296
2310 66
1738 538
1245 570
1543 1527
2082 2545
803 1563
17 146
638 2409
101 1112
1573 1432
344 963
225 2428
1488 980
1363 672
1771 1775
1697 1664
1290 1238
889 41
1028 1610
1726 1569
105 1326
2671 1815
1323 1150
2037 288
1800 1995
1573 910
1063 1136
566 1544
2564 1558
565 2027
1553 82
962 829
27 532
1497 580
731 1656
570 1922
2471 2245
415 1790
1075 1340
104 747
1520 1245
2483 1848
611 1488
264 635
910 982
819 1215
342 276
1338 917
727 163
1139 163
322 1644
685 747
171 109
1218 1530
2499 1068
1428 2329
785 1513
640 20
270 339
843 575
2004 672
692 296
1503 1308
1307 1057
544 751
392 76
1902 1886
1208 1434
1359 1057
823 1283
2423 2627
1182 1578
764 1581
2558 2514
1955 2190
2202 2638
809 814
386 745
1253 811
464 573
2196 380
537 1204
2594 411
611 1755
565 410
636 2174
14 400
1234 1263
2078 1983
1851 1896
438 607
2641 1745
2586 2162
1309 924
643 222
1512 1267
1644 1732
478 479
215 2380
586 28
2263 2247
1819 2580
792 1095
1290 1226
1117 2089
634 256
31 250
1943 163
591 2182
2197 2342
885 177
1425 1550
1442 1444
672 924
1153 1219
1712 1290
1455 1694
2099 453
2333 2135
268 2046
552 305
479 1354
87 2245
766 78
1338 855
1912 304
74 1676
76 518
1799 727
493 427
318 686
905 1397
52 478
125 160
5 2164
190 356
216 735
2370 2321
2316 2659
1112 1073
1240 998
2352 611
459 1705
1052 1066
82 548
1745 2175
1503 1507
1008 1486
2057 1510
1684 314
1240 772
2606 2662
1264 1134
2397 2203
494 427
1126 580
2513 2239
453 1358
2399 2626
565 333
1328 1513
2225 256
2139 2226
451 2666
431 156
1271 236
575 565
2624 2317
2476 294
1719 1257
1924 2327
569 1025
1499 1310
2530 2415
1068 989
1963 2195
848 1388
1363 1343
2301 1901
1333 1136
410 298
432 302
1598 1572
799 2656
1644 462
2561 1527
1203 816
1935 611
638 375
434 1339
2133 1925
71 2442
575 1378
2495 1762
2393 1896
2166 2167
519 2223
738 552
1383 152
64 583
2050 2378
430 634
2687 636
1762 2694
656 650
2208 2234
2541 686
649 2403
1275 2617
771 747
1864 2122
457 649
2468 2467
1993 2546
289 64
1392 1299
96 438
59 570
2554 1850
1689 38
1324 1747
2325 611
1713 1716
1468 847
2128 2479
2218 2337
1630 1203
814 1321
968 1285
2363 129
2472 2476
1198 1683
1036 538
1718 2414
1890 2039
177 885
1272 1346
55 844
427 493
621 471
181 662
558 2660
1460 924
142 227
1109 2151
2316 2030
2567 359
1199 1702
793 1070
1150 912
2174 1573
1495 1231
2360 2273
875 370
565 466
1728 1110
163 1890
1986 70
323 2560
1905 1834
2069 260
1384 1383
1423 1328
2232 2058
734 213
1523 1136
1378 2485
21 1378
2640 2070
552 92
899 1565
230 391
747 235
250 577
1718 2582
2284 1293
1747 1326
138 1716
163 219
1891 411
799 1699
266 163
2359 2520
1065 1305
1945 1993
1464 1470
863 808
485 2514
2157 2565
1684 1726
696 579
985 1102
1619 99
163 2298
1290 893
1910 2506
1080 1321
2035 2303
929 1559
908 2304
807 294
1067 1801
648 693
26 1129
1491 1605
778 56
228 119
1592 1176
48 725
1789 2469
76 131
1544 1206
638 521
1045 471
2320 1853
588 294
2545 1794
2239 1366
2664 712
1268 2140
650 1557
1737 415
873 920
2086 1231
14 232
983 1735
1426 1354
420 519
2588 2301
561 747
2510 2362
2597 1698
447 1471
2672 465
1831 163
1521 70
2183 2305
667 2072
1680 1123
1644 1964
2544 2568
1493 1732
245 1636
1672 903
14 437
882 523
1896 2393
2210 1808
1889 2648
1724 1079
1855 2299
714 163
729 1993
2305 321
2220 2600
233 1990
1977 2153
2127 2338
2556 1904
893 1259
1712 1025
2239 2413
1661 1358
1879 763
1084 2035
1354 994
250 498
1042 1435
2426 1919
1939 2307
552 455
632 1909
321 1954
2584 2632
1209 1215
1002 1735
896 468
344 1260
910 1481
348 344
1520 1246
747 386
471 2
145 1218
260 2524
20 25
2515 2003
2271 2249
1644 986
2098 453
51 645
2338 1024
217 685
654 1260
163 563
293 576
1747 419
208 88
834 1520
2540 1857
74 881
2572 2112
1122 799
418 479
753 444
1713 416
1595 1776
1616 565
2579 2336
2334 602
1020 2577
1538 1724
1902 1887
744 2316
638 1460
2306 427
1588 2334
477 566
1287 499
981 902
658 427
1703 1559
492 213
2309 681
1946 2516
576 1524
1720 849
2582 462
1380 163
2543 2674
1536 163
173 575
1977 2219
1964 1595
2459 2606
565 1546
570 1520
163 1850
2639 2117
1017 157
762 88
1078 1076
344 2589
1103 611
823 427
2309 1969
1159 1485
2664 2102
757 163
1859 565
204 741
1333 1514
107 498
913 827
2645 2482
680 90
109 672
1705 2356
1759 2697
1497 901
1871 2499
763 2355
929 2442
1442 1445
2602 2070
1921 1408
793 959
1403 1112
561 427
1812 862
582 259
552 306
1862 1964
2175 2250
1577 1580
1262 1104
1931 2277
1006 574
2345 2005
1123 1674
2680 2596
1570 1111
342 2546
1283 1318
2211 1232
271 718
966 1131
1119 1203
659 625
163 606
611 1116
1572 163
1277 163
1409 129
1713 115
1240 999
204 1645
30 285
1635 1214
2487 430
36 1974
96 649
392 154
1337 2300
449 479
565 57
622 74
367 565
668 310
136 159
1370 136
640 287
159 985
1397 1393
2242 2661
1484 1692
847 848
1668 2378
1483 2052
1709 570
1569 1587
2440 2543
2280 2286
296 227
1571 1218
247 982
1581 657
848 591
210 552
1439 803
755 1404
1601 1644
1877 251
2451 163
552 210
74 154
2549 2608
691 1557
192 193
2334 1836
2393 496
747 113
12 84
2575 1910
1545 1582
163 448
1342 1300
1102 985
239 565
610 427
2502 717
2027 465
1812 1155
2322 2498
2340 1935
136 2635
313 1377
2643 2646
986 1644
1356 1430
306 554
1445 675
400 555
2321 2187
430 635
2206 2379
2032 2171
1815 238
612 629
905 1287
565 601
2208 2235
56 967
2 565
2132 382
688 60
2243 831
228 2617
659 397
1299 1216
2329 1290
85 565
2206 1984
252 74
903 1491
1282 1272
1299 714
198 655
40 761
631 383
344 2171
1428 1601
1028 1435
157 2230
1657 1595
776 2088
699 747
593 300
1746 1948
454 1368
1215 1699
1203 1195
380 1784
2122 1864
566 633
2414 668
2400 122
2342 2593
66 215
1668 1910
71 74
87 719
181 518
352 904
1335 944
1964 1644
793 1069
565 465
2660 577
1662 1036
95 358
575 552
2021 2218
157 1075
1863 1595
88 208
2537 2198
2337 2606
967 306
260 1324
2615 2084
2489 2372
576 212
2202 1303
978 664
1312 344
691 1649
2060 857
1832 415
451 552
566 1459
2279 2579
899 1564
581 222
747 234
2275 2445
2170 2237
74 2124
2204 163
745 477
62 945
1918 1290
415 163
2124 74
978 1825
1749 2164
159 2674
638 227
2402 1931
394 125
559 2341
432 184
1158 1555
2259 2271
2076 2559
2605 951
342 270
2390 2227
1784 163
2606 527
2694 2331
707 196
570 212
223 430
836 375
1817 2464
2317 2429
163 743
1284 1055
571 1762
1661 453
186 588
198 747
875 1192
610 747
2611 2606
1095 1456
1478 1336
15 80
215 696
406 2307
935 163
664 350
2529 2521
2331 571
2116 1775
1229 1615
163 1106
1502 1393
556 555
1268 2419
846 757
1557 1649
320 259
282 592
1907 1800
969 954
478 52
725 93
523 2551
1069 1096
438 710
1917 1796
1784 2688
2312 1082
335 378
318 1644
1615 1229
1540 1459
23 41
1019 1290
1441 1638
2391 2427
696 427
18 747
159 2066
1572 1139
1379 1611
771 72
418 1312
939 1242
154 74
286 2195
301 489
2086 2065
344 1312
250 499
343 530
1281 1471
552 57
1622 344
1512 1463
1854 2048
1290 1191
854 1178
1333 1207
2262 2542
1687 148
357 803
1674 1123
133 611
243 53
2141 2418
719 747
672 1386
500 563
437 14
38 563
945 1287
1774 990
1888 109
2365 2668
2458 2366
576 1801
138 892
428 598
2261 2259
895 1436
965 1673
952 1660
1108 1503
1424 1218
1016 943
1312 1260
659 163
1902 1884
1295 886
565 85
2226 2220
477 565
294 85
99 1803
2193 538
1084 858
415 995
574 2360
809 812
293 387
881 2405
1479 2543
1025 1388
587 2239
1967 2346
2591 2427
1512 1608
2114 1923
922 580
759 161
601 3
120 1184
877 1578
2485 1816
2448 519
2546 342
2406 2078
1548 1374
1527 2561
1995 1907
965 981
548 1859
2082 2178
1153 1063
2166 2524
2025 2693
1733 904
866 890
2026 1922
1660 952
1611 100
1774 1968
1063 1153
490 6
2576 1051
276 1993
2372 2398
549 456
456 25
2095 2230
1283 1547
1256 2675
276 467
681 2309
1207 900
2290 2213
791 1661
747 609
1528 426
1470 1037
1260 1269
635 640
618 478
746 299
659 624
1464 1254
1325 219
304 1461
1113 1153
747 655
696 747
18 427
56 778
1244 348
109 507
327 324
80 15
540 603
566 483
2663 2229
256 634
185 324
1220 1608
60 688
523 540
1223 1607
634 1513
2658 1559
288 75
2568 583
2621 2105
207 688
1004 2146
1282 1446
638 1312
161 684
1363 2653
163 1130
1825 68
1184 844
430 256
640 574
636 2204
347 999
1645 477
1664 740
635 264
569 1430
2598 1232
774 2707
274 566
1680 1354
1275 344
2153 2025
982 910
1587 1569
747 112
2484 986
89 638
351 730
427 1274
219 1404
1697 1599
98 615
1631 2598
2322 2499
1277 1533
566 1782
1534 1556
2053 109
257 36
453 2099
560 955
839 1067
1266 1301
607 1055
115 2421
3 601
1910 2242
686 318
1259 136
599 747
672 1460
2321 2186
430 632
2131 2319
53 1439
438 391
2536 1957
449 638
2421 2266
157 214
1138 1597
1227 1236
270 495
294 465
2111 2047
1470 1464
1591 36
566 173
378 2042
1062 1254
163 714
318 426
745 1886
2358 2503
1065 1279
1228 1693
745 2162
2208 2313
2364 1644
2441 2585
382 1837
427 350
2559 1747
892 138
1282 948
75 288
1268 1757
1954 98
402 163
2525 2088
635 89
1197 1053
163 1030
577 2492
990 805
611 1668
670 603
1464 200
587 427
764 2174
1125 1483
227 296
725 41
955 1280
2409 174
851 1491
2312 521
2227 1974
542 1203
2173 846
1210 1453
985 2038
2197 430
58 536
463 483
789 415
305 82
1499 1050
474 635
254 15
163 1696
2046 616
1590 910
2213 2126
427 1399
1670 1218
1283 230
383 638
1339 1570
576 354
1861 1853
1037 427
52 2487
1797 1221
2485 566
770 350
565 523
1027 378
1520 920
1285 770
865 1505
2629 2536
1257 2087
1581 1515
1860 906
669 509
452 347
860 1940
2683 427
1308 1504
390 145
565 1529
2296 2248
1713 41
385 567
2524 2088
477 2658
238 46
1865 2107
1117 562
786 1004
1378 882
1107 1328
776 2166
1550 1158
808 731
1140 964
1212 1497
1321 1190
1965 757
1253 163
459 109
2267 2196
561 745
559 1378
120 1959
398 248
332 324
193 10
14 8
321 2305
1931 523
2345 2511
1003 2146
688 835
1884 745
1282 1281
14 443
1354 1304
623 637
979 1845
268 258
1504 1108
163 1792
901 1554
911 585
1855 2122
387 293
1840 2705
580 1126
163 266
2167 2088
1699 799
1354 992
2315 2287
1676 565
1363 786
2390 76
163 2396
1111 1101
1281 948
35 34
1728 1775
453 2059
2361 2175
41 725
2219 2153
2396 2563
2658 566
1048 984
1123 1680
1999 2003
558 1641
1898 278
1644 822
188 755
636 1573
2279 1806
1061 426
432 165
295 210
611 1493
2383 1820
264 638
1792 582
975 668
910 981
2318 2153
809 1222
163 2200
1975 2408
808 1342
1068 2500
1910 2375
719 520
523 277
2049 2410
525 1427
564 463
270 342
574 672
1609 1569
1455 793
557 558
1148 285
227 1547
2136 2148
611 2505
1902 1885
1334 793
66 2310
2122 1854
1153 856
1073 1569
1968 1774
1326 776
1736 1690
1218 145
1589 910
576 1526
8 14
447 1501
302 432
739 63
576 1381
1284 427
2629 2628
1770 1764
2373 2414
1287 945
863 2499
1919 638
1573 764
1203 1630
1281 1272
431 1608
14 544
2372 2489
951 2605
64 289
743 163
1459 210
2506 2366
415 1832
1144 592
1405 1463
339 342
2580 136
1672 1564
910 1673
2700 2697
2423 1732
2072 2227
1287 1397
1019 853
1060 965
301 238
103 294
1796 2001
72 202
2380 485
1843 2626
540 1121
174 503
1502 577
1570 1109
946 1179
1775 1728
671 1599
137 748
836 426
394 133
1595 151
2632 2584
324 326
910 1221
1135 1442
1790 22
1376 1546
1950 2226
1927 2537
1554 951
576 1814
1004 2350
1498 289
74 1103
2078 1459
657 656
1003 786
256 635
517 164
163 2659
102 2012
2614 1644
1226 1234
1836 415
330 731
1512 1671
700 624
1182 1684
759 23
2357 2499
2015 2092
427 2388
2189 2365
2659 743
163 1274
2585 1809
638 1027
2680 101
347 998
1238 1550
117 452
2375 2416
1707 825
1210 883
478 303
1198 1296
433 158
1558 1136
638 2045
2353 2334
1980 758
1414 1268
2571 2496
1594 1136
1118 134
1766 1810
163 1590
1090 1023
645 742
1116 611
1574 484
2173 636
1617 1107
1004 1364
359 1871
2455 456
453 2098
986 1642
306 552
438 21
1621 824
662 181
2659 2030
565 566
2080 2329
513 155
2291 1275
686 430
887 1531
747 588
1283 1284
2268 1753
2107 1953
2575 2506
342 339
1299 1218
970 1396
1984 2206
773 1687
2492 1900
472 552
217 747
1191 661
163 717
185 389
1221 910
745 1885
1058 2454
454 539
492 490
1321 1080
1484 1500
1727 1376
667 1974
759 292
415 2664
1718 2413
299 2110
2054 640
1524 576
1457 1237
849 1720
427 494
228 259
1046 1121
415 789
864 1079
2568 612
2400 124
419 1326
41 352
1524 1243
1161 2657
684 1550
2464 1817
378 227
142 230
2339 344
430 2033
675 1442
273 38
348 638
1148 1597
598 302
2281 2429
1221 2703
770 1285
2222 1954
426 1187
2164 2094
1537 629
569 1457
306 57
712 1036
1319 1391
468 182
1010 1061
130 459
496 663
1934 76
1498 1534
1315 668
283 747
2690 591
1393 976
588 566
1328 785
1631 2407
997 1271
488 549
344 521
1735 1626
520 524
159 2543
84 715
339 270
1703 740
249 652
570 2026
576 355
1293 2284
2159 1910
489 46
2485 565
211 2076
99 2679
860 1911
2057 790
1877 578
44 88
1019 906
2355 217
1668 611
1195 1203
205 427
2239 587
523 1790
430 1284
2228 2068
552 554
2569 1820
609 719
290 1911
466 552
841 1240
784 1613
1520 839
129 2220
638 701
753 405
1828 2014
1993 1945
2016 342
1578 1061
378 1678
2265 2347
904 352
2444 2257
1178 1034
381 686
1140 965
2661 1910
523 551
1806 2279
1275 2291
388 439
1815 2671
660 635
1415 1525
155 117
1330 1167
1600 1293
2155 2467
2662 1822
735 86
467 2016
672 456
2226 1950
821 1421
2354 2455
2680 157
1103 1079
1198 517
2215 2650
2513 74
901 1553
1830 2466
18 745
1548 1291
11 624
2172 2692
1101 1111
219 757
2239 2414
1053 1568
430 2593
1185 1000
196 707
1728 1474
477 294
1899 327
365 2572
279 464
75 1123
414 440
324 62
2496 2107
1862 1863
2175 2259
747 502
142 1318
361 55
1431 698
1621 752
208 430
1018 1139
910 811
163 982
523 54
565 671
163 935
1290 2080
609 747
1692 1484
238 489
2271 2250
1259 2213
1003 1343
536 58
955 560
1606 409
1732 1644
2409 638
885 831
434 2473
2305 2183
46 867
52 228
956 2598
1909 632
1731 888
78 560
985 2066
1463 1405
565 34
2137 2508
74 975
679 30
2002 2153
649 479
2371 583
464 275
2122 1855
1793 2178
1238 378
1977 2510
163 1136
2164 5
1678 1570
538 1036
2151 2037
639 584
312 645
492 2323
1187 1234
1846 1927
910 163
2675 1824
2000 467
930 805
1134 2281
1770 1765
188 415
335 344
1863 1644
1792 2067
1354 1420
2373 2413
109 635
1049 1498
53 803
2072 36
2421 1829
1442 1135
391 427
1192 2150
157 1017
2705 1840
2282 2217
2195 286
2366 2081
1148 1355
629 1537
1150 1149
1326 2144
573 270
1550 84
1993 729
1759 2698
2134 2644
1376 565
2342 381
537 357
2474 2425
690 445
447 630
1901 2301
2700 2698
1411 2203
573 464
313 1354
1056 1014
416 1913
741 687
2453 2666
1172 623
403 2302
1285 968
2171 344
1167 1332
1187 426
2013 74
2341 1842
485 1838
1484 1092
438 296
560 78
100 1611
324 327
251 1505
1240 1147
1257 163
2202 1571
523 163
707 158
2065 1985
2153 2699
2568 2544
8 751
1188 1354
1065 1153
327 326
1893 1895
1086 1641
972 953
59 1520
2178 1794
2642 523
1140 910
71 1641
2586 1647
2484 2614
927 1328
1487 1532
2149 2190
1715 793
2026 570
2338 2127
1258 576
102 1964
700 625
1358 1567
577 250
1875 2439
2188 2149
715 84
163 1277
888 896
793 1110
1515 1581
1205 793
882 1378
248 398
2226 1958
1707 824
2235 2208
2280 163
2182 1897
1889 730
1741 601
1849 2163
1512 1235
74 2421
188 129
1389 2707
1636 1684
892 889
705 1910
2126 2213
726 1068
2194 2149
1428 1312
489 1815
2030 2316
1969 2200
954 427
2037 1584
959 1130
432 433
2427 2391
1627 1177
297 809
1775 1793
1117 247
1571 2202
607 821
1527 1240
2380 2294
976 1393
2412 2255
378 1207
1192 321
936 1515
163 769
748 1933
324 389
906 1019
427 916
136 1479
1459 749
1155 1328
1042 1043
772 768
555 400
2693 2025
2220 1409
635 686
906 74
1176 1592
2034 577
177 911
1350 1151
686 760
745 1884
1207 430
158 433
949 74
769 764
2327 2034
2225 1608
136 1539
695 747
243 728
1016 856
2376 359
1540 1045
163 1467
649 96
2308 2652
2076 772
2657 2423
2245 2471
1429 675
1270 627
2526 2448
2706 1138
817 1367
1535 629
360 698
1046 1344
1498 2450
675 1445
1292 960
2311 161
240 2308
565 478
1675 1153
383 87
438 616
1584 1626
272 1551
558 905
1983 2078
1847 1927
526 427
2652 2308
163 2039
1568 430
577 401
2495 58
173 294
102 404
1427 525
1563 357
1030 1946
1110 1728
1550 157
2149 1955
500 247
1221 1797
289 1498
628 747
2367 2577
219 1325
1911 290
745 561
1367 817
2706 1752
513 452
1100 1464
2184 2398
533 777
471 1632
1200 570
1240 1527
74 2266
1528 151
334 20
718 271
1686 2282
1296 109
1812 785
2374 2513
1135 1174
428 184
2446 129
346 337
1608 2225
861 1678
2457 1980
1438 294
1516 1218
104 771
1649 691
1356 667
2221 2404
2350 2168
2664 415
1619 1723
1308 1506
1015 1338
747 696
1124 1566
385 565
1492 1050
495 342
724 2612
342 495
1373 565
163 744
2496 2571
1037 1042
78 469
2329 1428
1386 672
359 808
1890 1060
1796 833
1197 1484
1007 344
2606 2611
1685 163
1099 1178
503 1813
1248 688
1140 966
1547 142
772 312
1837 2132
1622 1322
427 461
986 2616
565 239
2438 2091
1275 2290
1305 728
2409 477
1815 2670
109 884
91 745
163 1060
1414 1393
932 1505
95 161
708 1116
449 1539
2408 1975
1597 1534
565 385
1564 745
2001 833
163 1205
294 665
2356 2246
2057 2215
74 511
442 635
2421 1856
2257 1767
835 1248
1153 1455
1899 2292
788 1414
684 779
1236 296
491 2318
1608 987
552 173
2590 2421
258 8
2604 2330
1112 101
2636 479
62 2474
552 60
1233 923
2560 251
2172 159
764 1311
747 203
2206 2133
1125 818
1738 219
2066 159
1437 1287
120 188
747 489
1086 1078
882 1616
404 102
133 608
1018 1136
523 1676
565 621
525 522
1484 1057
819 1154
163 2202
1180 1177
1760 1879
526 747
1116 31
251 865
1481 910
488 109
809 1365
525 1425
427 250
2151 1584
416 137
1484 1430
699 566
884 1658
2510 1713
1204 537
1845 1979
554 306
366 364
687 626
565 82
1907 1995
1540 1118
1713 2002
1140 2294
2429 2281
427 1577
38 1689
218 478
163 1139
611 413
1182 1726
1181 25
1003 2483
1764 1938
2509 2618
1236 1227
1644 2423
2008 2219
2552 2026
1056 476
2396 503
74 19
1328 1020
775 1459
1855 2075
2292 2140
300 593
430 52
250 304
668 1508
719 1666
1459 167
636 764
2421 2590
1546 565
570 1246
2152 2429
2418 2345
1697 1703
2157 288
490 5
1673 910
1339 1678
684 525
1215 819
41 533
1590 965
638 348
1045 1540
220 45
643 1904
2549 519
2054 2053
2099 456
507 2391
2157 66
379 756
2417 157
1842 2341
1451 1346
371 88
247 1973
174 501
142 1283
1728 168
554 1859
1363 2475
1898 2140
1663 1756
747 610
1886 745
378 1027
2658 843
916 157
2667 2295
284 583
86 735
158 184
1401 1554
2607 1987
778 109
1940 2175
1326 1747
566 2480
1076 1086
1446 948
2169 2420
1326 1602
1182 1010
2302 2104
2561 1908
427 230
1664 1697
996 161
2164 1749
111 350
591 672
314 1596
919 1129
2178 1795
397 659
258 1031
611 1935
2029 503
2061 2062
2007 1780
611 1564
841 2559
1259 1944
923 1416
565 295
2356 1105
109 171
478 96
157 1289
1315 1079
785 1812
535 672
2309 538
2311 2448
592 282
1921 1931
714 2089
36 745
2429 2624
1495 995
106 597
1687 1557
14 736
1378 239
2498 359
1333 1369
2088 1527
141 163
1020 1328
1469 1705
1069 1455
79 2207
594 593
277 483
1527 419
109 640
423 1934
157 766
301 46
1414 788
1341 812
2611 1763
1098 1911
1643 773
519 705
685 217
337 363
430 524
1247 1211
290 163
1237 1521
115 138
1573 163
963 344
2427 1888
2448 427
565 564
744 2030
2089 1603
314 156
1625 1580
539 1453
1257 380
1246 1520
2264 2519
196 216
703 747
1940 2220
323 2467
1576 375
2458 2242
1591 33
2249 2271
1094 1659
2261 2087
2479 2128
1950 2220
308 2028
540 523
2044 427
226 617
1228 1688
2227 2072
2190 2188
74 949
1923 1928
2419 492
667 1928
1965 2089
2587 2312
1715 1386
2300 1337
527 1656
2065 2086
914 1551
2165 129
1475 1642
460 281
1894 2144
25 1897
228 1692
1298 1592
2699 2153
751 544
221 629
2200 1797
2310 318
1343 1004
812 1080
1046 1345
566 671
960 378
565 477
1854 75
611 179
1732 611
2560 323
687 110
249 86
2229 344
1466 943
802 1168
342 729
878 1023
938 560
1539 638
433 184
826 1457
1110 1729
1238 1290
2499 1871
304 427
500 2444
430 223
2499 2147
910 1573
2294 2380
453 2034
1388 1586
283 523
1779 2007
1673 966
1981 1915
1854 2299
538 15
1471 1501
2064 1802
138 1713
858 1084
589 592
76 869
479 2636
422 1069
2175 2361
2583 2310
2032 344
1114 1261
1593 1288
1234 790
952 1064
456 2455
479 649
1527 971
485 2380
1372 904
565 1316
1234 937
668 2683
1345 1344
1591 871
2484 1644
2346 397
2252 2220
1490 206
806 1121
1308 1507
793 262
1619 1722
1776 1595
747 699
2227 2390
1124 1567
2296 2251
350 664
2074 2607
1218 1424
783 1812
2062 2052
2025 2377
916 427
1533 846
233 595
786 1003
142 823
1170 517
343 1303
98 1954
956 1178
2618 2509
356 510
1137 1459
163 1110
1050 1306
1404 163
616 2046
730 350
48 2682
2290 585
735 195
57 552
1698 2597
1231 1230
244 750
1007 2426
188 262
2675 1862
1535 1348
257 667
183 541
2090 1260
2407 1631
136 2172
1559 929
565 1585
250 170
456 549
420 192
2547 2492
965 1432
2428 44
2523 2684
1814 576
2415 2530
652 249
2116 2125
1207 1333
1233 922
2650 204
747 202
489 238
2004 2360
1125 817
1147 1241
2497 1915
1326 248
2384 2460
1082 2312
1459 2221
378 1290
2500 2498
1672 294
2175 1940
452 117
444 753
1872 1257
486 284
2308 240
1240 1347
335 585
687 1700
1369 1333
418 135
534 313
1910 2488
1459 804
1668 1488
2322 359
1549 339
1567 1566
1014 1056
2659 163
1506 1276
275 464
1399 1463
856 793
1331 1167
416 138
143 201
2091 1944
1288 1414
1503 1525
1471 447
352 1372
1204 538
1527 2088
577 2034
332 389
576 1067
956 1231
1794 1795
1425 684
745 1700
569 1986
74 604
1112 1512
1713 2153
817 1212
1463 1053
2403 2581
2058 2232
2666 2453
62 324
1792 163
1781 2663
252 562
163 1219
772 51
1290 1712
2139 2220
2499 203
634 1570
125 1857
2341 1172
808 359
662 518
163 1872
49 581
82 1440
1000 931
696 1672
1705 1364
606 163
1105 2356
295 1316
154 392
1459 57
1811 204
163 346
1601 224
1504 1506
2424 1428
1164 1570
2423 862
772 2076
2504 1536
70 255
1309 1132
1569 1011
76 975
148 460
2150 1192
1215 818
1697 1559
2194 2190
1634 74
234 15
1578 1010
201 350
1014 576
552 311
2641 380
99 2592
995 1985
2514 1838
1523 343
606 537
855 1654
2179 321
954 969
2369 2607
2110 299
1276 1504
341 529
1689 163
1484 1237
224 597
1114 602
2553 1875
2274 163
788 2323
170 250
2293 1937
464 467
228 52
1244 344
676 1056
1466 1650
917 1338
1274 1303
1205 163
1003 791
1872 1696
1559 1664
877 1010
1727 738
1303 1274
591 848
427 391
817 819
13 578
2563 163
1062 1323
2149 2188
2311 2285
833 2001
1697 804
1218 833
759 99
635 177
565 294
1335 1478
236 156
1713 1870
1533 1277
2226 2478
566 688
2089 714
574 2475
881 2454
298 410
1479 136
1921 2402
2215 675
554 875
1663 2504
2275 1120
563 219
2465 228
967 1561
2684 2523
538 487
2170 1325
478 274
1363 1364
2629 738
1573 1481
1020 1329
418 1269
1552 1212
1348 1047
1422 826
2380 215
1370 1102
1243 1524
672 591
1033 1174
109 1296
112 572
1214 523
565 2629
1664 804
747 146
549 488
1283 142
1268 976
2455 453
2260 611
1775 1795
136 1259
783 1407
1651 1061
2596 2669
109 1074
2578 2679
2198 1560
453 549
560 157
558 376
23 759
281 460
2377 491
786 1363
324 278
2076 211
2381 2667
45 492
319 29
804 1459
634 2593
2246 2475
1640 1355
201 1718
1178 956
518 181
2082 1795
1065 1106
611 2340
471 295
303 478
714 1299
2190 2189
1030 163
1989 1882
1560 2198
2245 87
2524 1894
786 791
611 2050
679 32
1231 1495
2452 1315
1240 742
1459 1540
2374 916
503 1952
102 2583
1174 893
2400 127
1632 1687
530 163
2597 2256
85 2368
1378 575
1676 1146
1644 1862
551 2215
2697 2698
763 241
580 1497
1391 1319
603 1640
585 1061
2616 2614
1249 1054
2277 2269
1231 1178
593 594
1434 1208
27 84
378 960
1396 970
847 710
38 372
562 370
157 1038
1420 1354
289 1278
329 237
1847 1846
1245 576
565 1790
2114 2124
2257 247
1698 686
1592 405
136 986
1377 313
2204 2173
793 856
2216 2688
1274 163
2390 36
2206 2175
1566 1124
1673 965
1657 1462
331 774
1402 847
981 1140
983 1302
1542 801
955 109
1457 163
1261 1117
1366 1373
163 174
2422 2499
492 1186
1035 714
84 1240
2499 1418
1404 1143
124 745
2175 1745
403 2104
36 1591
2163 1849
1215 1209
714 1218
2271 2259
2259 1959
724 747
378 1963
1003 1364
145 1530
2187 531
848 1607
1678 861
686 683
816 881
1845 1844
2049 2306
2014 1828
2363 163
2473 551
623 1937
608 2230
14 242
1490 531
136 92
1241 1347
411 2582
640 732
345 74
163 1113
1855 2482
2463 1934
157 1375
2233 2201
468 896
2080 2609
1763 639
363 346
145 163
2543 136
91 747
454 183
730 351
1000 569
687 2683
1998 1873
163 1207
1305 1016
1290 1644
427 1914
446 554
731 808
420 193
551 2473
1235 1512
560 1452
1123 75
632 1582
294 633
2532 76
1328 1173
2145 2408
46 238
2251 2296
2647 2430
2205 1799
443 14
1099 163
32 679
565 1859
163 415
556 2354
1486 1569
1343 1364
2449 2158
747 205
638 294
782 1532
2173 2204
2286 145
1147 1240
2500 2499
1782 134
937 1234
1249 1728
2182 591
743 2030
486 285
508 317
1086 1076
1178 163
1801 1814
611 1352
790 2057
2686 2596
1031 258
683 1860
2177 1883
163 2204
1660 1083
161 95
2360 574
892 1716
1285 405
642 697
1583 900
1822 1656
344 2441
2600 163
1463 1406
656 773
163 1303
1047 1355
2236 2435
354 330
303 2091
787 74
2054 591
71 1559
882 1012
1644 1256
2274 2237
1994 1995
344 2215
1113 1380
2466 831
1213 565
2696 2036
520 478
2116 163
1649 1687
1349 1217
427 2412
1855 75
163 1218
1987 2607
616 438
1318 227
734 490
2366 2506
294 699
62 423
798 1095
2135 2023
1465 1354
490 734
2076 1527
1839 2688
1687 1632
1004 1003
1504 1507
41 889
524 1454
889 1713
1144 1509
1569 1010
2350 1004
793 1467
1696 1872
418 740
1986 1329
438 227
163 1775
2228 127
415 209
1176 1123
2297 2304
258 268
1510 790
2393 1813
1921 523
232 613
2266 345
2041 1744
1087 1512
2507 2373
576 1710
1287 1414
1567 1358
211 645
1410 163
831 2243
793 163
280 10
1149 2044
966 902
2022 2219
1548 76
591 287
2470 2101
1786 2207
853 1732
965 1590
1118 1540
0 8
1568 1053
883 1665
163 2232
252 60
309 163
2435 2236
818 1215
601 565
1956 735
156 314
1533 900
2183 2179
1400 967
2140 2108
303 426
2178 1793
2175 1009
2628 565
544 258
817 818
1430 1484
843 2658
350 770
435 0
987 1240
837 1489
1245 1524
1097 1393
744 743
835 688
433 432
2382 2013
1234 1226
2419 2323
671 1459
1792 430
654 135
144 188
2456 1742
471 1045
576 863
294 566
881 2295
1768 2257
727 1016
605 476
1073 1182
1919 1007
227 638
2473 434
163 1594
1800 342
163 1675
1257 1719
296 692
565 2628
2500 1068
2138 2285
1484 822
208 2343
3 463
539 1665
172 430
2372 1126
1762 2495
2669 2596
1562 355
2251 163
125 394
1565 1088
1376 306
2576 2678
1492 1724
1642 1377
1186 591
2208 126
1120 2275
103 471
2399 136
1267 1500
344 1881
378 1061
1284 1283
96 478
650 483
2181 2178
344 2339
214 157
658 1577
181 76
1988 2401
20 334
1818 2073
1201 325
1824 2006
2653 456
745 2165
2190 2194
1911 1719
456 1748
629 1535
1550 1199
1576 1266
565 103
409 2582
252 294
1559 1703
2323 1268
2190 2365
1034 1730
163 2563
902 966
1973 129
1354 1039
74 661
423 1290
740 418
2301 2588
477 745
1644 1863
188 380
2434 2069
1111 258
227 478
1954 321
1117 1261
480 2270
163 1178
327 1899
1656 2357
594 1194
635 442
1765 1938
589 1509
19 571
459 640
350 427
712 2664
1513 785
448 191
1811 2410
1286 1136
1787 2499
559 34
1333 1467
1016 1670
2153 1992
2017 1582
344 1007
1407 1626
2182 2011
2413 2239
747 83
2540 611
2676 1787
1445 414
2704 2407
1318 1283
250 584
552 466
1673 964
366 590
168 475
2374 2373
248 105
747 369
486 231
1563 53
2290 344
1810 1766
2142 2096
1357 1461
1200 1520
84 1241
409 753
566 2221
378 1238
2135 2333
552 671
402 538
1231 1985
471 1859
315 747
1757 2341
818 1125
157 181
2583 2135
987 74
260 2166
294 502
1626 1735
495 339
1725 1265
2432 1755
909 1527
1639 1615
2434 105
1524 1526
1974 36
251 932
398 419
1524 1381
1252 820
963 1519
645 51
2199 2133
2223 519
1188 1123
378 1644
129 1204
2040 574
576 731
1949 1960
1281 1604
486 1278
1231 956
2003 1999
163 1065
706 453
427 2448
1598 780
1414 1287
950 1240
163 1206
1602 339
2008 2022
1440 82
122 127
538 2193
163 1799
934 844
2625 2612
2175 1362
1934 1816
294 638
2562 1366
709 341
1004 791
2451 1973
258 7
2242 2458
225 88
1183 1193
945 327
1691 422
1397 905
1288 499
2543 2440
1348 1535
1628 1063
747 204
1 344
2292 1111
276 342
1785 2564
427 674
1203 881
747 349
1804 2289
2423 1644
1971 1696
1326 105
1287 1437
571 2495
872 570
1368 991
344 1267
159 136
204 1811
240 2652
2085 2228
121 731
380 2196
768 772
2652 2637
551 523
661 71
477 1766
745 110
428 302
2232 411
1501 447
346 163
2508 632
2222 2150
519 190
1057 627
1016 727
747 665
177 635
2302 1880
2209 2689
788 2425
1967 695
1204 1153
1216 1035
2543 1479
1240 897
356 190
68 522
2186 2321
717 163
1047 1354
294 252
1112 1403
793 1715
1220 1618
464 279
503 174
881 2702
1608 431
902 910
764 1573
2098 2156
2627 2423
2072 667
1231 995
2347 1303
918 1252
2375 2661
2011 1835
1685 422
605 676
2685 2054
667 257
1147 161
812 814
2644 2134
874 839
161 996
496 501
41 94
313 801
1986 2338
1526 839
2434 1747
866 18
193 420
141 188
1520 59
1782 295
54 615
588 747
22 129
848 1400
41 888
809 1615
570 1245
971 1602
2133 2199
2069 2434
672 549
1223 848
1301 2346
983 1531
1772 2307
2052 1483
833 1218
1771 1872
2194 2188
2100 2527
772 1147
20 640
1570 1164
124 2400
710 847
967 1032
2110 1827
2505 2499
1186 1268
73 747
1568 1328
453 591
1288 1128
1525 1503
558 1934
1527 909
1558 163
1061 585
875 554
801 1475
531 1490
2147 2019
2307 406
2595 2562
1713 138
2 552
1895 102
2202 1980
1276 1506
2174 764
176 379
114 171
2277 1277
391 1283
523 1931
2559 51
1675 163
1926 1941
919 809
2217 2282
995 415
2302 2111
818 1212
1095 1360
1186 492
2668 2365
403 402
1260 1312
2000 2115
2673 638
565 2
430 1165
1407 783
219 1738
1191 2423
1139 1598
1517 1612
1487 1528
899 611
331 101
2130 2030
375 1576
1405 427
803 1439
2188 2194
2571 2107
1527 2525
492 2419
2153 1713
1604 1281
2527 735
511 74
1088 1565
2470 1230
792 798
2688 1839
1545 1909
88 251
197 295
2360 400
729 1945
350 351
2221 1757
545 747
1081 521
425 565
1930 2512
1114 1603
2303 858
1641 1086
898 108
1312 418
1476 1277
276 2115
1631 2604
2535 1668
2534 2009
638 383
1407 1812
2589 2329
276 270
2081 1910
552 277
571 19
1644 2616
881 1119
760 88
1093 122
638 89
743 2077
1216 1719
200 1891
2004 2040
1165 430
747 579
45 490
136 1370
1649 868
2012 102
570 59
2421 2389
1069 163
314 509
1820 2569
84 1803
2207 1786
2082 1793
837 1007
1089 1354
612 289
2439 407
1735 983
1383 1384
483 367
1224 163
1831 1836
1086 1545
1803 99
717 2502
2563 2396
1024 74
566 449
912 1240
1641 71
1599 1697
1196 840
15 234
1194 1621
1218 163
2492 577
2513 310
189 163
2499 359
1128 76
2405 881
425 85
1920 1874
944 1335
1003 672
565 425
66 2157
691 2658
1566 1567
491 468
917 784
312 577
2196 163
430 1637
1288 107
311 406
1342 2454
49 643
732 640
2374 1366
2674 1352
1275 378
638 2426
96 2061
2368 2642
516 272
1012 295
576 43
2521 2164
1833 2367
482 578
427 1103
638 441
1148 1534
811 1253
82 239
1532 925
638 264
931 1000
1693 1228
71 677
823 142
370 562
352 41
747 368
1371 1114
862 2423
1867 1718
687 1564
1705 459
1037 1610
1826 689
521 1082
124 747
585 335
1506 1525
1691 793
915 1294
1273 826
2545 2082
1532 577
1852 2592
2375 1910
287 640
2175 1696
163 910
552 559
1194 1122
479 2300
163 2274
2294 66
1503 1276
2147 2499
1455 1069
1104 1260
95 1255
747 700
566 16
1815 489
2304 908
1801 1067
1128 1393
427 146
2159 2661
2269 2277
1191 692
157 2417
1461 1593
200 536
1011 1008
1683 740
1690 1736
424 571
227 142
980 1488
212 570
789 1206
1072 354
847 1468
157 1452
2426 638
2617 1275
1925 2133
1941 1926
1687 870
180 143
109 2315
427 2306
2231 136
1656 527
1585 565
2144 1894
1897 1003
1127 938
319 1273
1016 1110
2014 562
1652 1659
2329 2589
950 1241
2313 2208
1757 1268
446 552
122 124
966 163
757 2058
812 1341
591 1358
2421 1868
1003 2182
163 1943
1528 1487
1259 893
2571 1878
157 897
709 340
54 523
219 712
1265 1725
490 45
1877 414
1198 859
1895 1893
1181 1431
2334 1790
637 515
747 207
2689 2209
419 248
1448 1621
804 1585
1249 1734
2095 2056
2543 2409
1527 827
1572 1598
804 1664
1711 1581
552 749
1270 1335
1302 983
153 294
655 747
1355 1047
552 636
1122 578
1659 1093
904 1733
611 1499
2428 2021
2389 345
1276 1503
1464 1021
2605 1401
608 179
113 747
719 609
80 2044
261 345
2501 2260
1016 728
1002 983
1032 848
148 1649
169 570
1091 476
2259 163
1645 797
1136 935
2616 2484
1157 745
163 1305
738 1183
2109 2185
1595 1657
2651 1062
2079 2609
638 1468
731 330
1793 2181
1177 1620
204 202
2342 2577
981 910
933 875
644 210
2466 2240
1449 453
2685 2053
155 84
2360 2354
1543 1324
2505 611
566 858
1709 1520
2686 101
452 513
2604 168
2259 1257
741 1157
1511 1357
591 2155
1584 2037
163 1971
2021 2428
11 659
285 1148
163 1536
698 1431
611 938
1569 1008
1982 2153
1476 1178
747 26
1446 1282
380 1473
565 1957
1009 1079
1093 355
251 2560
2194 2189
267 459
1936 1943
2626 2656
1923 71
1691 163
1639 809
2425 2474
101 331
1636 1073
641 484
93 759
1167 1331
1348 1537
584 250
1094 2085
2548 2391
1106 163
1641 558
2677 1909
1459 1137
1756 2613
1207 163
927 1019
1139 793
324 332
492 734
346 132
1655 1313
938 2196
1644 1290
2088 776
1198 418
323 140
15 322
2492 2461
163 727
262 793
856 1016
2511 2320
932 865
920 873
2014 2018
1315 2452
163 1333
1122 1194
937 426
1258 570
959 793
2299 1855
288 66
1024 2338
163 1410
1594 163
2092 2015
2364 1812
1732 853
63 1546
1210 539
476 605
1527 2524
2024 427
1374 869
2338 1986
1615 809
163 1905
1946 1030
405 1592
1110 163
904 889
126 2208
2409 2543
577 2660
540 1640
294 564
2173 163
2153 2002
1239 1387
2617 344
2442 2118
1126 2371
1507 1503
145 2521
745 600
961 523
547 430
108 1288
322 967
193 2549
1153 1205
644 552
1255 358
858 2556
211 325
2171 2032
2465 2057
502 2536
1256 1019
1333 793
102 2333
626 687
2272 1176
2366 1910
119 686
1442 675
103 465
305 410
640 1897
659 695
639 1763
2254 2039
1864 2276
1805 1804
1515 936
86 652
1723 1619
292 759
862 785
333 477
1944 2091
676 605
2678 2477
810 1287
869 76
343 1577
730 770
583 1278
611 1265
2061 96
692 378
565 1012
454 541
237 163
256 430
591 640
1559 1697
912 1241
1342 359
1215 1707
902 964
344 2290
1687 1137
2336 2579
2123 649
1236 861
426 1528
623 2140
1183 738
824 1707
143 337
649 2560
1825 121
544 14
1119 881
1689 538
1606 1293
1457 826
177 2192
427 1811
1708 1333
1288 108
1859 471
1934 423
48 1783
2581 2403
1016 1305
2506 2575
731 1450
1136 1594
1531 983
163 1611
1643 566
809 297
1910 2661
1716 138
2606 2337
1533 1730
2266 74
656 148
1281 1451
2398 583
1504 1308
1149 1150
2506 2416
1006 1025
477 333
2077 163
427 696
1795 1775
262 266
1261 1114
2410 1811
1409 1797
2232 163
2485 575
2346 1595
218 1290
1346 1272
1910 2081
1197 2634
521 1081
799 1706
163 800
453 2354
152 15
832 1052
2147 2498
1388 1025
524 430
747 703
1218 1516
85 465
1900 2492
1524 1520
1788 2181
1344 1046
1345 1047
1437 787
1529 882
1422 1657
465 2027
1496 1125
686 2541
2156 2098
163 1404
755 2058
84 1550
1084 991
239 1378
1364 1343
2220 1958
163 1114
1896 496
1115 820
565 283
1502 1288
1530 2089
645 211
1253 910
251 482
2687 2174
916 1038
2400 1916
1504 1276
378 2583
2135 2012
161 1147
1354 1426
576 874
406 427
1375 157
1783 48
1710 1450
453 1712
2042 378
294 636
1293 1606
2697 1759
1747 1527
667 867
2601 2631
567 970
1004 672
2619 1774
2454 881
848 1468
478 523
686 44
1091 1288
2430 1860
434 597
568 843
805 930
2056 271
756 176
1074 109
2290 378
2446 247
1559 71
1389 821
129 163
2504 2667
1686 2426
1017 1574
2059 2651
2378 2335
1484 1197
36 1701
163 2177
688 252
230 1283
66 288
575 2485
1068 2499
744 163
1513 1812
1344 1138
2166 772
132 346
576 1200
263 668
1047 1348
1696 1114
314 1684
1474 380
744 65
1885 1886
745 1704
217 2355
1463 1512
1139 1572
344 335
380 1737
1177 1627
1854 1855
1364 1363
2179 2150
2550 2045
1627 479
2345 2418
378 178
268 616
530 343
965 1060
350 180
2510 1991
89 430
2347 2254
1268 1842
2076 1324
735 2527
173 566
583 2371
1154 819
2018 562
33 1591
2093 283
1513 862
88 225
1136 1523
430 1698
295 1012
520 142
83 294
1313 1623
427 2024
2151 2342
2403 649
1644 318
538 1738
2395 2665
453 9
2182 2633
1948 1746
570 1243
844 974
205 600
1937 107
1152 1453
158 598
527 747
380 1474
613 2496
1790 2334
644 565
1694 793
831 885
612 2568
2217 1007
1252 1477
681 712
2180 2577
207 1536
874 59
747 315
2507 2374
740 1664
2215 2057
1139 1018
1244 1596
519 510
740 1559
1167 1330
998 347
1593 1461
1580 1577
1248 66
1957 2536
910 1117
1105 591
552 601
147 479
355 576
745 72
1427 1550
790 1234
2272 1866
636 294
566 2485
138 137
1479 1102
2388 427
780 1139
247 500
1737 380
1265 611
2654 74
1228 1649
2117 2639
1230 995
401 442
1550 1238
1324 1543
1006 242
348 1244
1854 1864
185 332
2299 1854
411 2594
2007 1779
5 490
921 1265
1148 30
1288 787
407 2439
826 1237
1913 1803
1547 427
496 1896
1076 2461
1580 689
2681 1857
991 318
1842 1268
1024 1335
635 256
579 696
1441 1717
930 1254
1189 1643
294 565
1897 732
2606 2459
971 2166
2034 2015
913 909
608 611
1891 58
1891 1774
22 163
577 312
682 2430
523 1214
943 793
747 104
219 563
2401 1988
954 450
1218 1571
1153 1204
1010 877
2291 585
1728 1536
1928 2114
2448 2526
1441 941
427 1283
1394 967
344 675
258 751
562 1889
910 1311
219 846
2295 2667
940 934
1760 427
565 575
2498 2147
2655 1975
2612 26
1042 1037
694 76
567 502
1107 1617
1431 1181
1342 808
440 367
1395 1541
163 2248
2380 2514
1626 1407
589 282
411 1470
745 36
2284 74
1334 1696
716 611
665 747
1571 163
498 108
1647 1684
617 226
2614 986
1637 430
649 2123
95 759
1007 2217
2514 485
1337 2343
2461 1078
322 160
638 618
967 848
1784 844
1047 1420
163 2564
902 965
344 2291
1562 631
1216 1299
2557 163
1358 1661
1343 1003
1328 1584
1438 565
1974 667
1501 1471
1505 932
130 672
1268 1898
1328 1423
562 671
389 577
979 1825
2245 2243
1644 2484
615 614
1204 129
675 597
2499 2376
1534 1148
1537 1535
2318 491
188 163
2428 116
2282 2426
1153 1127
276 2546
1322 1622
975 76
747 229
1336 1478
2433 2437
1554 1552
1678 378
811 1140
2198 2695
1532 782
2378 611
163 2361
160 2681
2374 2507
2583 2333
121 595
1354 313
803 53
1904 2556
1122 717
1381 576
229 477
101 2686
303 1174
82 305
565 644
747 545
1972 2620
1978 1713
1104 1262
923 922
270 467
354 576
355 745
2371 1126
344 1622
1344 1047
2150 2222
76 181
1011 1010
2146 2182
1345 1046
431 2137
781 846
1061 1010
1266 836
1687 898
717 188
156 236
2475 574
574 1006
2332 1117
1290 423
900 1583
1114 163
427 2295
1079 611
1498 2398
986 862
2475 591
430 2557
1222 1129
1763 611
640 591
74 263
1456 1469
1569 430
2330 1769
793 1127
583 2398
427 2453
344 1
1734 1715
1527 211
2558 450
74 505
1607 848
1254 1464
2502 2605
1136 1575
1245 1243
127 124
1680 1674
2423 881
2182 1835
793 1330
136 2399
1004 786
1126 2489
591 2054
277 294
1024 1053
1704 687
743 2659
478 520
1829 2421
983 1002
1268 788
263 74
1149 1891
1945 342
0 258
1267 1512
483 749
1884 1885
1737 1736
1799 1424
2527 2100
1684 1636
136 1413
141 1184
513 117
2614 2484
489 301
163 940
1032 1335
719 611
2298 163
523 188
923 1126
1004 2483
345 2266
1428 2493
2268 2275
1738 1689
13 1234
801 1542
1784 55
591 549
525 1419
621 738
74 871
1469 1364
699 588
1108 1504
2637 2652
134 505
146 427
2667 2381
381 2342
29 382
565 92
1882 1989
828 1422
687 745
2563 219
682 1791
74 680
576 570
1491 851
1348 612
193 238
414 1174
1705 1469
2199 1184
1622 1578
611 1732
173 565
812 809
2428 760
877 1569
1268 1186
2583 1423
1636 245
473 552
1382 1285
1117 2332
1629 796
2414 2373
569 1522
1020 1322
2154 2119
2423 853
1480 924
1016 1729
1098 343
2203 2397
2059 453
2536 502
486 64
378 585
550 569
1215 825
1732 1493
427 1318
1544 163
704 376
1192 2473
2541 2673
802 973
676 1014
1146 1676
848 1223
1717 941
2687 764
375 638
1243 570
619 260
2521 145
2559 841
2348 2682
1505 251
1176 1285
2342 2197
2451 2446
560 246
465 118
764 910
1060 163
765 163
1117 910
747 600
1809 2071
1598 1139
2263 2701
1467 163
76 392
843 1101
776 1326
1459 775
344 2032
1654 1338
1595 2675
653 2480
733 566
521 638
1512 999
1062 2651
1701 1591
621 565
512 407
858 281
531 693
640 459
521 344
2053 2690
691 552
1616 523
1597 1148
934 380
643 1121
2202 163
163 2667
1225 1117
1354 1047
750 244
1008 1011
2021 157
868 1643
539 541
427 1547
1282 1471
2188 2189
1398 1383
41 1713
1480 1532
253 2670
228 2465
2161 1326
1301 1266
1245 1520
1253 965
2054 2685
2077 744
1311 1253
1300 1342
2450 1498
70 931
109 967
2593 2342
277 523
683 632
705 192
2010 2447
2539 1322
14 746
1196 1038
1522 569
588 699
643 150
995 1495
1382 1313
369 747
294 554
203 2499
335 426
2486 1970
552 220
1823 2580
1857 125
2128 2030
1926 748
127 2400
1129 1222
224 1601
1923 2114
898 107
1006 2040
1771 1696
562 60
410 305
230 406
2250 1696
611 601
2334 1588
1413 1102
1913 416
2022 2153
592 1509
738 575
1606 28
1497 1126
357 243
710 569
976 1287
2316 744
2703 2200
1994 2097
2527 1956
2511 2083
1897 2146
2605 986
163 2251
558 1816
243 357
426 335
834 576
764 769
924 1309
2016 467
566 186
731 121
570 169
163 757
1286 163
827 1894
2150 2179
427 312
191 163
2049 2218
2570 1928
453 1124
2223 510
672 2040
453 1269
810 1718
597 434
742 645
583 643
1672 696
1893 102
2561 485
1514 1333
2098 2099
549 640
2694 571
643 583
1178 1232
274 478
1952 503
591 1105
1365 814
1646 145
544 0
2354 556
250 33
2323 2419
839 59
1444 1135
57 1459
2002 1713
725 48
2036 2696
523 2642
636 2233
1335 1223
2008 2153
1141 1172
1536 1728
373 86
1119 2405
1614 1613
1061 1651
325 211
422 1691
941 1717
199 591
1195 1630
1536 1518
1530 163
1684 1182
1393 1397
2583 1173
1940 860
1055 607
391 142
834 1821
103 128
473 1459
1270 208
1554 1553
1734 163
1790 523
427 698
689 163
1498 1163
1931 1408
1867 1754
1229 809
1681 1682
1351 1498
999 347
565 1213
2402 1921
2422 2500
477 1645
1056 676
2013 2382
10 192
2265 163
195 196
910 1131
950 84
978 1593
2053 2054
635 722
708 14
1185 1521
910 966
1336 1027
692 1191
1450 731
402 681
919 908
2592 99
1537 289
1388 1027
375 836
732 267
206 1490
332 185
1928 2570
1910 2416
1184 1362
1411 881
863 576
740 157
848 1739
155 513
1555 1158
107 1288
1282 1022
2647 2658
865 932
1069 422
1435 1028
213 492
858 2035
2323 788
1010 1578
1928 1923
78 766
836 1266
2635 2231
1716 2153
881 2423
1853 2320
1724 1508
363 337
163 1069
920 1520
1453 1210
1184 141
1559 2658
427 1760
144 2102
2396 1583
2481 1858
14 384
2570 480
183 539
1175 1325
411 1600
414 1877
255 421
1458 1714
1905 55
779 542
2106 1750
163 309
517 1198
1432 964
607 438
2425 788
2221 1459
1270 2342
976 1268
1853 1861
1354 1001
289 1535
268 232
115 2153
2295 427
1343 1363
1290 1197
712 681
806 1354
1431 861
991 858
427 823
122 1093
747 494
1726 1182
569 514
881 816
1951 2303
1360 1095
298 552
1884 1886
157 371
785 862
219 38
128 103
1659 1094
1013 1156
295 197
270 573
809 1229
2659 2316
1057 631
989 1068
698 427
1126 923
1202 1183
378 2195
745 1932
910 764
892 1713
364 590
1050 1591
21 567
2143 2181
2002 2510
281 858
19 74
456 1296
1123 1188
1697 929
163 2638
1897 25
2007 68
2255 2412
1885 1884
1318 427
2149 2194
163 1515
1329 1986
1385 1706
1150 1630
427 2258
611 386
441 638
1863 1862
52 2580
675 1429
967 57
163 1225
2510 416
1333 1708
2501 611
88 116
415 523
1354 1317
1049 1329
1401 562
2438 92
1198 1170
1143 2429
1307 1657
2334 2353
163 1831
1696 163
938 611
61 240
2449 2450
1523 880
41 892
294 1438
1828 567
583 284
2557 686
2330 2598
2219 1977
74 252
1692 70
1911 2206
1578 877
582 1792
1194 594
1608 1512
1215 824
663 501
339 1549
46 489
1459 2078
1281 1282
1826 2630
202 747
1782 2328
1112 1618
1274 343
1914 2176
1515 163
1408 1931
1232 1231
523 1616
2559 2076
747 458
751 258
272 516
1910 2159
2200 2703
1515 961
620 747
2228 2085
510 519
2376 2499
2562 668
1174 303
785 1328
1032 847
1174 414
503 2396
507 109
1784 2199
813 1523
426 29
829 1252
429 1514
318 2427
1355 1648
2046 2107
611 2540
163 1334
165 432
359 2322
1387 1239
2223 2214
430 1792
342 776
255 569
161 713
1176 2272
2006 1824
1590 163
2188 2190
343 1098
1834 1905
208 635
1345 1640
299 596
710 438
877 1651
427 2383
163 1253
2077 743
611 1763
1569 1721
1700 1157
231 486
683 635
168 1756
904 892
2598 1230
965 1481
1430 569
2665 2395
1855 1864
2494 2063
1328 927
1126 1212
2493 1428
188 42
163 380
151 1595
1845 979
1422 828
50 150
13 482
990 1774
1340 157
787 1287
865 251
1975 565
2543 1776
2469 1789
465 294
853 1019
158 707
2302 1353
1887 1902
2649 2106
1832 1831
367 440
262 188
2191 362
1081 1082
1832 2334
163 2173
59 872
2106 2649
285 486
1685 1455
362 747
1512 949
390 163
2673 163
747 724
87 47
785 1155
880 1523
1536 2504
1515 1447
1702 1161
2582 2178
1798 2120
2450 1881
1687 523
2697 2288
689 1580
322 15
1244 314
1228 1687
48 2456
967 957
1102 136
129 1409
1407 862
1069 1685
1831 1832
8 258
1850 2554
1647 1908
1775 163
2461 1076
414 1442
2487 52
1816 2485
462 2582
549 574
2083 2511
896 1372
759 93
1977 2318
1696 2250
1551 272
2697 2700
930 1062
1703 1697
163 1153
1009 2175
88 44
1744 2041
812 1365
539 183
75 2122
757 846
2427 507
1060 1523
82 1378
344 2609
2652 240
1887 2258
1534 1122
1306 607
2404 2221
2033 430
430 119
729 342
784 845
558 2463
1057 1484
560 740
188 189
81 647
1776 136
213 734
1676 523
995 1232
25 456
1498 1049
201 143
623 1172
745 458
1333 1225
267 20
250 708
1928 667
163 2363
1626 1164
318 1173
1832 55
2063 2494
348 1596
1525 1506
900 1207
574 1962
2661 2159
10 193
1941 748
552 644
1158 1550
555 615
665 427
1327 1165
442 1908
1225 163
674 427
51 772
1044 1341
1006 876
2694 1762
405 1285
1052 832
833 714
1841 1741
1593 1116
1065 1063
307 735
509 669
1136 800
864 611
2070 2602
763 1879
2046 268
928 256
947 1328
219 1689
2489 1126
649 2294
1284 1169
258 1111
1478 1335
503 2029
74 547
951 1401
1292 1071
1269 2618
1183 562
1027 1322
485 711
2359 66
345 76
181 766
1433 1095
1092 1484
1364 1705
271 2056
1459 1687
2658 1860
31 1116
2452 2595
1406 1463
1373 1366
419 1747
184 428
882 575
890 18
2248 163
1006 2360
740 560
2102 189
1778 2024
2195 378
1432 965
2385 2676
258 0
1257 1872
1697 1683
2629 565
1314 1529
289 1534
69 66
805 990
258 435
427 1340
638 296
1386 1715
631 1057
793 943
427 665
304 1912
747 336
2251 145
1340 427
1285 1382
2434 1326
489 2670
2377 468
1064 332
2600 1409
0 435
163 961
1838 2380
747 527
745 2437
1878 2624
163 942
9 308
1827 1962
2034 558
1027 638
611 2325
1378 970
808 1320
2701 2247
631 1562
82 565
1532 327
397 2346
2122 66
357 2089
414 908
954 1461
772 742
26 2612
1747 2160
1108 1506
2204 636
1409 2703
566 274
1178 1476
1047 1345
2278 2284
163 2673
570 576
2591 2126
868 1649
317 417
818 582
1592 1293
2048 1854
1896 1851
1212 1126
2707 774
1596 1244
967 56
2042 2428
2215 551
163 1224
591 1032
1613 1619
800 163
729 67
1499 611
2483 1003
160 322
734 492
129 1973
1257 1153
773 656
2191 2275
412 552
2619 1968
14 268
33 1701
2343 208
791 1004
2705 1839
1323 1195
127 18
1699 2656
1057 1307
357 537
1532 1487
1905 163
250 427
784 917
129 1728
334 267
575 843
1428 2617
163 1685
2299 75
747 175
2289 1805
2688 2216
846 2173
2057 2695
2477 2678
1874 1920
295 565
1322 2539
745 386
1852 99
591 2475
1357 1511
591 199
740 1667
2087 2175
693 531
1102 1413
382 2132
993 973
1539 136
2416 1910
2037 2151
775 162
2376 2500
2034 2327
569 767
0 14
453 876
1525 1276
1454 524
686 634
1727 565
146 747
2240 2466
951 1554
2528 1858
2425 62
1412 1431
2152 1277
1595 1576
687 1157
1137 558
2195 1963
1277 2277
894 1255
2555 2560
1873 1998
1601 1155
74 1220
501 503
2537 1846
636 118
2410 204
2230 2095
2688 1784
965 1140
34 566
1213 738
1178 1099
1010 1651
2594 2306
328 2619
1080 809
638 1327
492 45
401 2462
2462 401
2230 157
1644 2364
1456 1095
791 786
667 480
117 345
2254 2347
1958 2226
1610 1028
906 1860
2153 1716
523 2600
931 1463
1049 1292
2309 403
559 167
1311 1140
2499 2385
967 322
1339 1111
202 72
131 76
2220 129
1995 1800
870 523
156 521
409 1606
283 2093
1432 910
1234 1510
408 630
1328 1107
1418 989
2416 2375
2124 1928
572 112
330 359
597 675
462 1644
1004 1343
1263 1234
1451 1272
332 1064
2692 2172
427 1284
1079 1724
163 42
1808 2210
308 1456
862 1019
740 1703
962 745
157 393
2575 2366
858 566
967 1400
748 1926
1155 862
1730 1034
1290 1019
1303 2202
2673 2541
1498 582
1560 1161
565 1401
347 84
1468 638
2487 1823
1601 2423
1240 1201
18 1932
2426 2431
489 747
2158 1498
498 107
1592 1161
581 580
1044 812
2628 2629
39 24
2052 2062
2398 2184
498 250
923 1233
676 1091
270 276
41 2456
995 2139
2658 427
2092 453
2192 1743
523 565
814 1044
986 2605
179 331
1909 2677
2227 667
138 748
216 196
1354 1176
807 1438
1365 812
341 340
554 167
478 215
2201 2233
1509 589
2410 2049
507 549
1937 389
1614 1619
14 708
478 497
1719 1216
2227 1923
2506 2458
68 1825
1271 997
745 687
979 157
689 967
747 73
144 444
627 1679
1058 1211
62 2566
1027 56
487 291
636 2687
552 472
1796 1917
1742 2456
1333 1224
1773 2545
342 1993
1937 2293
508 417
475 168
1695 1354
1080 1129
410 565
2153 2318
1640 1121
2473 2551
2605 2502
2093 1990
427 2574
1372 896
1338 784
453 514
419 398
2181 2143
945 1414
910 964
569 710
565 1373
607 1306
1375 1452
2255 427
720 438
1273 686
357 1563
456 1560
1486 426
2215 1877
206 1488
2074 2615
632 401
2223 190
288 2157
2062 2060
1595 2346
163 659
608 394
1452 157
758 1980
722 638
2560 1505
1086 1582
1881 2450
885 1335
497 478
136 244
1959 2259
213 490
1809 2585
54 2334
256 2369
1552 1553
1222 809
1477 1252
1133 1666
2035 858
604 668
2487 136
989 1418
312 772
57 967
2496 613
1918 2329
1601 1429
812 1044
350 111
1161 2324
2585 1830
505 134
2595 2452
66 2122
1573 636
2563 1583
717 1122
2423 2225
2612 724
1078 2461
400 2360
2333 102
486 2276
559 1816
321 566
569 1092
2288 1759
844 934
566 1643
2674 159
163 1784
995 1231
1237 826
1136 163
1303 163
1200 576
1309 1186
1715 163
2107 2571
215 2061
889 2153
163 2518
1091 1014
701 638
222 643
1667 1697
567 21
1257 2175
1237 1457
1130 163
686 381
2250 2175
1593 1437
1975 2655
747 526
1308 1503
745 2325
622 345
74 787
401 577
1224 145
2178 2181
1178 1362
2495 2694
1108 1507
2435 2262
523 415
1700 687
1722 99
1463 1399
214 78
1047 1344
1037 1470
1679 627
76 2327
555 2354
378 335
1578 1182
2108 2140
1060 1136
2354 400
942 1153
1282 1494
1062 930
1354 1089
507 798
496 2393
18 127
1361 1463
347 713
1328 1644
1550 1419
62 332
157 1340
1650 163
1079 1009
338 627
1266 1663
565 492
1121 1344
1141 1241
203 359
445 318
709 529
605 576
92 565
2257 22
1836 2334
683 686
2027 565
136 2543
1153 1410
75 1354
826 1422
199 640
1839 290
1932 576
1215 580
2437 427
738 210
2024 737
2418 2511
1224 1333
1532 1480
430 172
880 815
2107 613
995 1178
1505 2560
1328 1031
1498 1071
508 523
177 1959
2393 2029
304 250
2289 1804
36 257
1437 1393
10 420
31 14
1380 1113
1255 95
1172 2341
2012 378
375 635
804 1697
1066 1052
2363 1719
1362 163
1554 1401
1422 1273
2386 2387
2077 2030
566 34
1389 1079
881 572
1782 566
698 474
2677 2017
1175 1628
242 1006
886 1295
829 820
686 635
523 1921
1794 2178
611 2352
1220 74
1041 1321
1301 1595
1259 2312
1842 1757
66 34
2482 2123
170 4
2484 2616
1850 163
1401 2605
1290 378
1016 1205
1632 471
1827 574
1136 1333
623 2341
420 2590
1453 1152
1071 1329
541 454
728 243
1226 1290
2330 1631
2182 1748
451 2537
742 1240
1145 1323
157 979
1313 1655
2213 2539
430 89
1690 995
693 1501
766 2532
824 1215
1633 1471
1969 2309
1126 2372
163 1571
538 129
1567 1124
2066 2062
2213 2253
1235 2508
1640 540
1377 1642
1570 1339
2105 2621
82 39
1014 676
1459 473
747 283
1521 1484
1137 1687
294 2476
751 435
1671 1512
1644 2614
2417 2532
1052 600
419 260
2428 1860
634 635
1815 253
809 1129
55 361
163 2175
59 874
2102 2664
672 1343
1740 1136
1422 1237
345 2421
105 248
380 934
1879 2355
1584 1328
881 1203
806 1138
1294 915
401 632
2363 1969
1290 218
910 523
838 1458
85 425
253 1815
2051 1969
2560 865
2444 500
173 1378
2378 1668
1428 1622
2473 1192
207 747
651 635
1500 1484
1562 627
1322 1020
551 482
2220 290
828 1457
759 95
1595 1301
1592 1734
1959 120
1711 1515
1469 1004
1582 2017
1620 1180
527 2606
946 427
2354 555
1231 854
1970 2486
92 1259
1241 998
107 250
99 1722
2421 1906
638 2541
1038 157
2516 1946
1648 1355
528 678
477 2409
466 294
826 1606
592 1144
1025 876
1183 1202
747 72
423 2425
2436 2649
2119 2154
747 217
552 473
110 747
1157 1700
719 87
945 62
1686 837
136 2580
2360 1006
490 213
1969 2051
878 1472
426 2369
1073 314
1011 1569
928 983
2378 2050
1991 2510
1813 1818
1506 1308
1525 1504
2380 288
2508 2137
82 410
858 2303
2430 682
1994 2241
1464 1100
1621 594
202 771
2549 280
25 778
313 1642
857 1125
107 898
1230 2470
163 2280
1474 1728
2442 929
2079 1428
712 219
359 1320
684 161
522 68
266 262
732 1897
2062 2061
1788 2178
163 658
2690 2053
531 2187
2498 2567
2658 477
2513 2374
163 1379
1881 2449
613 2571
430 2343
565 2472
212 576
288 2380
2692 1370
655 198
549 591
2562 2595
1622 1312
1552 1554
2103 2334
252 688
161 759
419 1527
883 1210
2009 2534
539 454
1841 564
1327 1569
1666 1133
66 2520
1877 2215
2347 2265
860 934
163 1070
1601 1428
2167 772
133 394
2 471
130 640
2604 1631
426 1275
575 738
314 1073
2560 649
908 919
1647 2074
825 1707
152 1383
598 432
1504 1503
793 1334
411 1891
410 82
2518 163
2124 2114
2071 1809
1577 427
342 1800
1615 1639
879 979
1860 2658
2328 1782
457 166
2087 1911
1844 1979
995 1230
1888 2427
2498 2322
2472 565
1325 2170
37 563
595 121
2028 1003
541 1123
1003 2028
2485 749
1337 1020
1706 1635
163 2521
960 1301
552 723
842 565
1582 2677
2598 2330
1440 1378
2178 2545
2631 2601
529 709
1027 322
2617 2091
1911 860
2507 2239
975 608
1091 676
1289 1452
1595 1824
483 463
51 2559
742 772
230 1284
1354 1674
789 1409
1123 1483
294 277
1626 1698
39 82
632 430
2300 2636
74 867
2199 1784
2677 1582
2327 2015
409 1298
267 732
2381 1606
1103 1579
1661 109
260 419
2355 1879
1718 28
88 682
1908 442
1769 1696
1713 1992
1050 1492
635 172
1333 163
268 613
1031 1328
2074 1636
1199 1550
649 166
2475 1363
359 2505
1938 1770
523 717
1352 611
160 469
2467 323
862 1812
527 2662
2598 854
1444 1442
1644 2409
453 1661
1141 1240
256 983
917 850
1335 1032
273 372
1716 41
772 2166
481 9
1774 1891
2030 2077
2380 2561
1205 1153
2310 2583
2277 2624
2078 295
1206 789
1280 955
839 576
552 2
1469 1661
2677 1339
1270 236
2224 1827
2593 430
466 16
2153 2219
2564 1785
549 507
74 2013
1414 945
520 719
1718 1079
163 129
2545 2178
521 1259
672 2653
1086 1240
115 41
2405 1119
564 738
1114 1117
1813 503
215 66
533 41
163 2259
519 10
647 81
9 453
1723 1722
1321 814
6 490
1607 1053
2056 2095
747 779
566 333
294 128
427 353
564 294
1533 781
2028 2653
1197 1290
1184 2199
1836 1832
2421 345
1747 2559
738 1213
2609 344
1201 1240
2398 2399
479 418
814 1129
2335 2378
435 8
1305 1098
1934 2463
169 212
667 2270
1055 1059
1163 1497
1569 1726
83 747
2499 2498
658 163
1066 36
1264 1738
94 41
596 299
2480 2485
737 747
1287 905
1527 260
1293 1592
585 911
1504 1415
1824 102
996 1015
1328 1109
2427 318
176 756
1323 1062
787 1288
1339 1335
478 565
117 155
1393 1502
395 163
468 491
358 95
163 1715
578 1122
2126 2339
1332 1167
2480 653
1063 1065
432 428
1962 574
736 250
292 904
848 1032
558 423
853 1053
339 495
163 189
970 567
1267 1335
93 725
1346 1281
65 744
1540 565
2360 672
1153 1611
9 481
1389 1050
1539 2091
403 2309
2607 2369
1709 59
1412 1111
1044 814
2150 2183
2415 1112
2379 2206
99 759
1111 1570
1925 2392
2261 2206
820 829
1023 1090
310 747
2179 2183
1999 2515
1698 430
2537 1927
407 1875
288 2037
566 472
1423 2583
218 378
1952 2393
735 307
967 847
2096 2142
345 117
1321 1222
189 188
2248 2296
1613 99
523 2408
2598 956
967 109
1469 1003
177 1489
1457 828
1328 1412
1000 1185
2442 71
1643 1189
2537 451
467 2000
1165 1327
583 50
519 2590
435 258
2044 2683
719 1838
84 27
1284 230
1696 2330
760 2428
2683 687
578 1333
2234 2208
856 163
1079 1103
1523 813
182 491
1129 1190
1736 1178
2091 2438
1763 407
1115 1252
1079 1389
1068 726
1488 1490
755 757
1909 1582
611 633
2654 2421
1778 731
1120 1677
1534 1597
99 2578
995 1971
814 809
2141 2511
1761 2208
820 1146
440 562
572 747
2649 2436
978 1954
664 978
1613 784
2162 745
1894 827
1676 74
1520 1072
2678 2576
576 1932
426 303
296 1236
119 430
1172 2108
638 862
1240 1086
2437 745
2635 136
344 1627
2062 2066
1140 811
1273 1422
2228 1093
2556 858
1919 2431
536 200
1627 344
2083 299
66 2359
2307 1939
295 1782
1324 2076
1722 1619
2316 163
1791 682
565 244
611 2230
578 1877
1825 1966
2236 2262
1611 1153
549 672
1050 1171
331 179
1231 1232
852 1015
47 87
1117 1225
2354 2360
2691 1751
1234 1275
438 720
523 910
163 1807
145 2280
1644 1601
973 802
210 738
2689 1975
1378 173
827 913
1164 1584
793 1333
1293 1600
1467 1333
612 1348
1890 163
163 390
570 1200
1291 1548
1911 2087
483 933
638 2171
2300 479
638 1539
627 1562
477 427
901 1497
1557 650
1260 2090
595 233
344 1275
547 74
1621 1448
2165 745
2679 99
1801 1821
30 231
1450 808
2554 163
1576 426
1028 1037
1478 2338
2140 1268
1181 569
495 270
1111 1412
2017 2677
1534 289
1190 1321
2194 1955
2614 2616
1273 569
1558 2564
1207 378
1272 1451
163 689
1418 2499
201 1990
1129 26
251 88
1602 971
189 2102
2296 163
41 1982
2320 2511
2268 2445
1335 1607
1706 1385
421 255
1410 1153
624 700
584 639
1452 560
479 478
2670 1815
523 2480
1451 1604
326 327
1526 1520
2483 1004
1079 864
1007 837
846 1533
2499 2422
859 1198
621 1859
2165 1143
758 100
772 2167
1646 943
45 1459
565 1676
2220 2563
1253 1311
614 615
922 923
2512 1930
262 1980
1600 946
1363 2168
1178 1736
1657 1307
2108 1172
244 136
2120 1798
2498 2500
2018 1828
603 1047
1195 1323
450 2558
1740 1305
1993 342
2138 1718
909 913
1082 1259
1748 456
327 1532
2661 2242
2448 2311
45 220
341 709
603 670
1728 163
552 688
2493 2426
2474 2078
232 268
2575 2388
712 54
565 1378
1290 2169
1640 2706
63 153
1111 1339
2506 1910
323 228
52 430
1481 966
346 143
2187 2321
1311 910
2524 2166
299 1827
1741 1841
1252 918
788 2341
2166 971
2091 2617
124 127
234 747
76 250
209 415
1136 1018
2040 672
904 292
1354 1040
34 565
164 740
60 565
922 1416
2510 1978
653 552
1080 812
1666 719
1354 1123
1862 2675
41 1716
616 268
1305 1274
2200 163
163 1257
278 326
41 1733
2165 2193
430 381
430 1617
1012 565
1399 427
1881 344
168 1728
563 37
14 751
1129 1080
1696 1943
260 619
1017 74
2409 1869
2506 2661
2035 1084
1726 1679
2167 2166
321 1192
585 2091
600 205
84 998
747 110
2396 1952
2361 163
1969 2363
238 1815
1429 1208
163 1573
330 354
2291 2290
2221 1527
2039 1890
971 1527
1380 793
1551 914
192 510
118 636
415 188
574 1827
745 355
2450 2449
50 583
163 188
1894 909
1968 527
1256 881
1619 1613
1911 1098
163 781
1933 2660
483 552
465 85
1775 1771
542 779
1518 1536
196 195
1975 2689
2514 2558
1698 1626
900 1533
389 324
2578 99
2212 2121
1942 2573
583 1126
287 549
1732 2225
1231 2086
2617 1428
2387 2386
1715 1734
892 41
712 415
2324 1161
294 173
999 1512
2618 1269
206 1028
1127 728
427 477
66 183
1636 2074
2409 2672
2520 2359
630 447
313 534
1073 1636
42 188
192 705
1994 1800
1261 247
801 313
1378 565
1365 809
398 776
2476 2472
2456 41
478 218
1869 1754
1729 1016
1692 228
553 123
1379 163
1859 621
1696 1971
745 771
2285 2138
2355 763
2275 2268
2459 553
926 1019
1737 1178
1316 295
1507 1504
163 1729
975 74
462 187
66 1248
834 1814
2428 225
1481 1573
1603 1114
110 745
205 747
484 1574
2319 227
965 177
1105 1026
738 621
2385 611
612 1046
2521 163
163 856
862 986
1856 2421
571 2331
741 747
101 2680
16 566
197 633
1821 834
2422 2376
1713 889
163 2077
295 220
2648 1889
850 917
1043 1042
591 2690
1358 453
836 1595
1756 168
1574 1017
1095 798
2360 556
1047 603
2107 1865
702 504
1947 2557
2574 427
2031 2171
137 416
1437 891
393 14
345 261
611 2378
2228 1094
814 1365
1687 1228
2087 1257
1252 829
1524 570
2429 2152
1241 1240
1267 344
386 611
1380 1717
1296 1198
2465 638
1793 2082
8 0
2338 2443
2159 2081
1719 2261
1174 902
57 565
1673 1573
574 242
1799 2205
2315 109
964 902
1479 2017
1140 1311
184 432
580 922
798 1105
2482 2645
2273 2360
896 888
127 122
1564 899
2039 163
260 1527
1287 976
1457 569
75 2299
717 2568
1288 1593
2126 426
1800 1901
192 280
2029 1818
508 2326
1507 1308
127 2228
2590 420
478 754
118 565
192 439
549 453
163 22
2425 2341
453 2156
1455 1685
998 84
1513 1328
1061 378
1943 1696
310 74
1257 2259
241 763
1260 654
2617 228
2343 1618
668 975
1147 772
1718 1867
2548 2427
2607 2074
1213 1649
881 1256
1818 1813
105 2434
2463 558
565 738
640 199
306 967
1999 427
290 2220
1529 565
1915 2497
359 2567
246 560
570 874
847 1402
1380 1611
1015 996
2577 2342
359 1068
554 294
256 2225
1859 1791
2653 2028
602 2334
565 2442
2017 1479
426 1576
1131 1253
2681 160
2624 2277
1259 1081
1318 142
326 324
1712 453
1486 1008
522 525
1366 2414
1373 1718
1830 2585
1401 565
635 381
1638 1441
145 2251
491 2377
1224 2673
837 1686
643 49
1010 1182
634 430
965 966
680 74
1178 1737
163 1544
2133 2206
2329 672
150 50
1717 1380
672 574
747 18
163 1689
2474 62
2276 486
663 496
139 188
876 453
1886 1884
2241 1994
775 875
157 560
430 1020
875 775
2626 1843
129 2363
261 626
565 548
1837 382
163 2116
166 1125
2339 675
1520 1258
1241 2559
1240 1241
1734 793
1901 1800
2088 2524
1481 965
1782 565
294 1672
1904 643
2346 1967
1288 1502
1735 1002
1644 701
211 1527
1362 2175
378 396
1908 1582
497 2342
2380 1838
1449 1025
1922 576
195 735
1891 1149
1203 1119
1560 456
1121 1046
1719 2175
1179 946
2677 2338
2656 799
1924 2040
1340 1075
1310 1499
2085 1094
1125 1496
74 345
1174 1102
2040 1006
231 285
2499 2500
748 137
1857 2681
2363 2165
1101 1328
911 1354
1136 1558
1816 558
935 1136
1894 1527
2054 109
66 1531
88 371
1651 1010
1061 1578
1106 1305
1378 82
2167 2161
1343 1456
2698 2700
1328 1111
566 1447
752 1621
163 1572
1419 525
1795 2178
1500 2180
2416 2506
396 378
1462 1457
323 1322
2580 1823
1467 793
163 1717
1116 736
1596 314
2089 1965
1527 1086
560 938
1832 1836
416 2510
1628 1175
1133 719
948 1281
2603 1756
163 191
163 2451
2175 2206
2078 2406
430 651
21 438
613 268
1556 1534
1042 1028
1386 2360
34 35
2175 1719
570 1709
591 453
183 454
1471 693
466 566
486 1597
219 402
1023 878
1455 1153
1530 1218
760 686
870 1687
2426 2282
1316 565
472 566
1248 835
611 2385
1051 1052
399 15
1897 2182
1252 907
1520 1524
272 914
540 543
172 635
808 863
2236 2542
2190 1955
1885 1902
1003 1004
1729 1110
1658 884
1583 2563
118 465
1649 1643
1136 1142
2538 2325
15 253
611 368
42 189
450 646
965 1253
2097 1995
587 88
2437 2433
2111 2302
1252 1634
1995 1994
961 163
635 436
1025 1238
2140 1898
1585 738
2344 2707
1577 658
2317 2624
1075 157
2446 2451
639 250
1523 815
570 1067
1268 1414
1328 783
1230 1231
2369 426
2636 2300
2243 2245
1559 740
569 1181
1659 1652
163 1728
2172 136
324 185
1153 1257
1603 1117
2183 1954
1701 36
1116 708
67 729
1393 1097
1138 1420
122 2400
42 793
960 1292
208 1569
1575 1136
1459 566
2262 2236
569 1000
139 2361
2656 1699
219 163
1484 931
74 1634
1155 785
1907 2301
1975 427
2426 2493
1580 1625
2073 1818
1910 1668
2360 1386
214 469
966 964
611 1079
1303 2347
1556 1537
999 1240
2431 2426
924 1480
747 695
1636 983
668 2413
1404 755
411 512
1014 1091
2208 1761
1153 163
285 231
368 611
189 395
1588 1117
1376 1727
1064 1937
2642 565
163 1380
1252 830
565 2485
378 1539
1289 157
2220 1950
1701 832
1362 1184
365 364
630 408
743 744
871 1591
84 347
427 1766
321 2179
184 433
1232 2211
514 569
1540 1443
714 833
1838 1908
1855 1854
145 2286
2397 2405
188 120
1298 409
456 672
611 2676
1679 1569
1699 1215
2198 2537
1840 2688
465 566
2161 2167
1334 1130
1347 1241
553 2459
2661 2506
2504 1663
1891 200
747 198
1844 1845
1933 36
2118 565
194 673
1555 1550
1237 1484
2612 1903
574 2040
525 684
2568 289
862 1155
1569 1327
1858 2528
427 954
687 1704
2520 66
809 1190
236 1270
1416 922
445 690
2175 2087
2288 2697
465 2368
249 2649
197 749
1378 1440
2242 1910
576 2026
1109 1328
565 2118
1531 1154
2557 1947
2214 420
163 546
755 188
519 193
1025 1712
1611 1379
472 1006
583 1214
2385 2499
1986 569
590 366
351 350
157 1637
1131 966
1430 1356
649 457
2630 1826
34 559
1527 2221
1592 1298
2213 1259
2303 2035
680 608
611 2260
1126 1497
2040 2360
847 1032
1070 1153
1404 219
1875 2553
1617 430
2270 667
294 807
1889 2586
1613 1614
686 1273
116 2428
245 172
1466 1016
791 1003
410 2
134 1118
934 1009
1859 548
251 1877
411 2232
571 2694
1275 426
2099 569
649 752
1591 1050
359 203
788 945
772 1502
509 314
258 400
2663 1781
2171 2031
1520 354
1886 1885
2530 2090
1252 1485
1125 857
2026 2552
439 192
550 2423
1312 638
1408 1921
129 22
650 656
1665 539
1320 808
346 363
613 2107
2646 2470
2695 2696
1497 1212
1459 671
1190 1129
103 565
50 643
2176 1914
565 1376
1784 380
1346 1451
546 163
1313 1382
1481 964
967 689
2088 2525
1570 634
611 1103
129 2165
921 1725
622 377
1142 1136
1864 1854
2422 359
2022 2008
2707 1389
1241 1141
627 338
1313 1005
745 1763
2106 735
632 683
668 263
1438 807
15 152
296 438
1491 903
1080 814
1021 1464
326 278
1378 559
1433 1026
2590 519
761 535
1184 860
2085 1093
680 747
41 23
278 324
1163 1498
1180 1620
597 106
121 1825
2485 2480
780 1598
1935 2340
748 138
2248 145
2 410
1508 668
2164 2521
1816 559
68 1979
2185 2109
1714 1458
2280 145
671 565
908 809
779 1203
1244 1061
611 864
466 465
1577 343
924 1539
2341 623
638 1919
2323 492
54 712
1960 1949
718 611
163 1575
1754 1869
478 568
1795 2181
64 284
482 551
2427 2548
908 414
1791 1559
1725 921
388 2590
2642 2368
686 223
948 1282
50 581
2150 1954
15 538
1728 129
2316 743
2247 2701
138 115
608 133
1565 899
21 294
495 467
583 2568
1206 163
1317 1354
876 1006
1766 427
242 14
2694 2495
1569 1073
890 866
1038 1196
1409 2600
565 842
1044 809
2564 163
2592 1852
1417 1421
345 1924
2667 2429
1364 1469
1131 910
85 294
2336 745
430 1207
2287 560
1032 591
1952 2396
36 1066
2038 985
1764 1770
538 1204
2354 453
986 2614
29 319
1250 1251
1473 380
916 2373
373 652
282 589
563 500
640 635
2097 1994
189 42
2176 2535
305 565
529 341
784 1338
163 1159
38 273
41 115
2253 2591
247 2257
2672 2409
1656 731
277 552
956 995
2015 2327
514 453
1753 2268
426 1061
1283 427
953 972
2089 1117
163 1650
420 439
1800 1907
406 230
2135 134
2243 2244
910 1590
1507 1506
2413 2373
82 1553
1561 967
370 552
205 745
830 1252
889 892
747 362
286 378
2658 691
1647 2615
220 490
1485 1252
519 280
1788 1795
728 1305
979 879
814 812
1242 939
2089 357
809 1080
2090 2530
1255 99
986 2484
2088 2167
16 552
2379 1984
629 612
129 2451
2513 1366
66 1698
745 127
345 2389
966 965
2181 1795
1344 1345
874 1520
1095 792
1136 727
668 2414
574 549
171 114
1702 1199
2230 611
567 1828
1540 842
764 2687
2420 2169
1125 166
129 538
1037 1028
2667 2504
722 635
206 536
115 1713
393 157
2287 2315
1272 1281
511 611
1488 206
1915 1981
2609 2080
2532 2417
163 2600
1217 1349
738 1376
8 435
2100 1961
2080 1290
2495 571
284 64
1061 1244
624 659
255 767
576 726
43 747
861 1431
250 76
2577 2180
2430 294
821 1389
99 1613
1784 2705
1802 2064
579 747
1111 2292
565 1540
66 2294
2050 611
1712 569
1130 1334
2203 1411
1078 1086
159 2172
2291 378
478 470
1770 1938
465 565
1283 391
2342 497
2310 2607
3 197
1347 1240
2132 1837
1134 1264
2443 2338
163 395
382 29
1252 1115
1971 163
427 526
651 430
942 163
1019 1256
1277 1476
2373 1366
2081 2366
1685 1069
112 624
1512 1335
2107 2574
1077 1153
581 50
693 648
1269 453
99 1255
353 747
427 1488
2104 403
713 347
2461 2492
964 1673
809 1044
71 929
1802 1777
1429 1601
2321 2370
640 2054
747 628
567 385
661 76
236 1271
1602 1326
1416 923
2623 2113
745 91
449 566
1793 1795
1756 2603
2582 1718
359 1787
2331 2694
161 2311
376 641
428 432
678 528
2492 2547
1269 569
440 414
519 192
2368 85
1777 1802
1539 449
1003 1469
570 872
1893 1908
1803 84
1339 2443
1838 719
705 519
798 792
2360 2004
450 954
1827 299
427 406
1846 2537
2174 2687
1937 1064
66 2441
1122 1534
402 219
2290 1275
1540 1378
1719 2363
717 523
1935 2499
2524 1527
1500 1238
816 1203
1136 1516
854 2211
255 70
2218 2021
2586 2113
1908 2561
1046 612
68 2007
2115 2000
2343 2443
1238 1500
2348 1783
740 929
2247 2263
430 177
965 964
1393 905
954 1591
1129 919
2498 2499
179 608
915 1172
163 1691
1990 233
1440 565
743 2316
548 82
974 844
2126 2426
465 2672
286 178
468 1713
2596 2686
436 635
112 747
2003 2515
1483 1123
983 887
552 691
201 427
577 1532
656 657
1573 2174
2411 2666
1246 570
2696 98
225 686
1218 1035
1098 1305
1575 1305
1276 1525
376 558
1669 1236
747 737
1979 68
1121 1640
163 624
1976 1854
1864 1855
2423 1161
1297 1174
1203 1411
1763 2611
124 122
566 321
1643 1649
479 136
460 148
672 2004
1043 1435
2609 2079
117 513
2454 2129
2510 1977
2207 79
745 1564
1812 2364
2043 2270
633 611
353 427
1312 1622
2103 415
43 576
2334 209
524 1169
1560 791
1959 177
433 428
1161 1560
611 133
204 597
1757 1842
563 38
781 163
2029 2393
1618 1112
2030 2130
2660 558
1182 1073
2674 2066
874 576
427 1999
2153 2008
1880 2302
280 519
1256 1644
188 144
2338 2677
892 904
970 974
2216 2705
779 684
2409 1644
2125 2116
1493 611
931 70
126 94
2365 2190
291 487
295 471
2514 1908
1877 717
888 41
2426 344
1813 2393
2151 1109
2540 160
2456 1029
1303 343
1619 1614
2368 465
1825 979
1884 1902
471 103
2259 2261
1428 2079
747 572
1461 1288
427 18
28 1718
343 1571
1520 1526
753 409
163 765
260 2069
74 1024
427 304
119 228
1311 764
1687 1189
2676 611
1527 2166
1053 853
377 622
414 1445
931 1053
2583 102
1927 1847
1585 804
1110 793
907 1252
1722 1723
1312 1428
682 88
916 2374
1278 1534
1025 1290
1335 1337
1101 843
1620 1177
2424 2589
430 2137
529 340
16 1697
94 126
523 870
2393 663
1121 643
415 712
712 1965
1963 286
18 866
934 860
98 2696
277 567
565 1616
855 1338
1814 1067
1857 160
671 552
380 2641
2488 1910
1797 1409
2455 2354
2089 1261
1772 2351
2239 2507
426 836
10 519
20 732
2258 1887
2075 1855
1995 2097
825 1215
2672 636
1520 570
1250 399
510 356
876 1025
766 181
1390 1491
1044 1365
1102 1479
1159 2564
1169 524
63 210
640 109
180 350
1985 1231
186 747
2421 74
1457 1462
1767 2257
136 1776
2230 608
2341 1757
1636 928
1176 254
1860 2428
458 747
2277 1931
501 663
2577 2367
1816 1934
74 987
1272 1282
2458 2506
2628 738
1527 1894
576 1245
1421 821
1741 492
2535 2176
1140 981
2108 1898
900 228
2586 2486
1070 1016
2112 365
1649 1557
2705 1784
1397 1287
1329 1071
1622 1428
102 1895
1040 1354
2543 159
611 511
479 1627
1500 1267
2113 2623
591 1186
745 962
615 556
1963 378
616 613
1298 407
1755 2432
2673 1224
1005 1313
1129 809
2341 2425
396 478
2615 2074
1153 1065
571 424
1249 1408
370 875
426 937
1471 1281
747 43
2500 2322
1876 2634
562 252
871 74
1102 1174
1767 500
2362 2510
1661 1469
581 49
1258 1520
879 700
1602 1549
881 1411
2664 189
1485 1159
889 904
562 2014
961 1515
1807 2490
1155 783
1251 1250
2364 862
774 331
672 1293
1353 2302
163 966
536 411
1178 854
295 82
58 2495
2499 863
428 433
1269 1260
900 1351
1364 1004
1508 1724
36 1933
590 364
294 153
1630 1150
1828 2018
30 679
2431 426
1799 163
1663 1266
2616 986
986 136
1965 712
1529 1314
1606 826
430 2487
302 598
1687 1459
86 249
1269 1312
1259 1082
744 2077
1079 975
848 967
1584 2151
1526 1524
1366 2413
136 2231
565 502
412 688
1519 1177
202 204
109 2054
1287 787
1923 2227
1388 848
2388 2575
964 1140
1117 1114
2604 163
2089 1530
1728 1249
145 2248
2490 1807
44 686
793 1380
2102 144
1067 570
1230 1178
643 50
442 401
188 141
2482 1854
1153 1077
1466 728
2361 139
1787 2676
1212 1552
151 360
1168 802
179 611
163 422
2500 2422
1393 1414
1172 1141
163 55
1990 121
800 1136
2672 565
749 1459
306 565
1898 2108
636 2027
569 550
668 2562
735 2649
1550 1555
1428 2539
910 902
638 779
1683 1198
157 2540
567 277
1621 1194
1320 1300
2327 76
727 1799
582 818
1015 852
1241 1147
854 2598
1274 1305
1933 748
1463 1361
1355 1640
1747 2434
314 1726
793 1691
501 496
184 158
294 103
463 564
909 1894
518 662
1704 1157
1811 427
1205 1016
1726 314
1697 16
2618 453
2499 2505
108 107
2019 157
2148 2136
995 2673
84 12
2030 2131
108 250
1057 1359
577 389
1483 857
148 656
1053 1607
1218 1670
2653 1363
28 586
2334 2103
1945 729
55 163
1754 1867
1683 1697
637 623
552 483
1729 163
519 2549
625 659
1928 2124
1259 92
427 1405
1422 550
175 747
1795 1788
552 370
2365 2189
1642 1475
2532 766
1452 1289
798 507
2250 2271
1991 1716
487 538
738 564
1825 978
1020 430
2585 1263
417 317
1525 1415
1378 1540
1981 2491
480 667
325 1201
1506 1108
552 575
1053 1197
2121 2212
2249 2175
745 18
856 1153
466 565
1539 378
640 130
142 520
2047 2111
492 565
472 650
2593 634
1649 1213
2376 2422
1533 970
342 467
2246 2356
2329 2080
1463 931
1116 1593
1169 1454
982 163
2099 2098
2338 1478
263 2421
1631 934
1997 1996
1872 1771
186 566
793 1734
2667 163
688 412
378 286
88 760
566 477
1713 1978
163 1498
1582 1545
1927 1846
2021 87
817 1125
566 588
486 1148
76 1548
15 254
1547 227
1138 2706
562 1183
1211 1058
2283 2284
1305 1065
143 346
1154 1531
1510 1234
1110 1016
1536 207
570 1381
99 1619
1696 1769
140 323
1064 623
162 775
1234 1187
344 2617
1352 2674
1034 1178
1604 1272
934 940
1328 947
2258 427
259 228
538 1689
2624 2429
652 373
297 441
1186 1309
378 692
2561 2380
1512 1087
668 1315
1352 1672
1595 836
374 552
2225 2423
1323 1145
2169 1290
2470 2643
230 427
70 1692
731 1778
1003 1897
783 1155
1290 1025
210 63
675 2215
1701 33
783 1328
2139 995
2447 2010
1281 1346
2362 1870
572 881
167 559
938 1127
416 1713
1606 2381
1530 1424
135 418
600 745
87 2021
248 2088
163 813
57 306
384 14
1488 1668
1550 1624
1053 1024
82 295
640 2475
34 66
2541 638
2181 1793
163 2286
1151 1350
2061 215
747 680
1354 1680
1520 872
1086 1527
163 523
1105 798
220 552
294 483
557 423
523 283
2171 638
483 294
1132 1309
638 722
15 399
532 27
1344 1121
1219 163
602 163
1919 2426
2591 2253
1484 1521
347 452
798 1433
749 2485
1664 1559
1136 1030
1687 773
1290 429
689 1826
407 1763
2189 2194
1050 1389
2178 1788
2015 2034
1821 1801
22 2257
1232 995
311 552
1432 1573
2306 2049
833 1796
1957 565
467 342
1366 2374
14 393
1578 1622
535 761
576 1014
406 311
587 214
92 552
898 1687
2203 881
773 565
1734 1592
391 438
355 1562
2447 378
109 535
2454 1058
757 219
1055 1284
1328 1155
1354 911
74 193
761 9
638 449
1741 738
1153 1113
2068 355
1143 1404
771 202
788 1268
1800 2016
344 1442
1776 2543
2286 163
2275 2522
2489 643
1860 683
1929 2349
2442 523
747 328
250 736
129 15
2574 2107
77 337
1274 427
1591 954
815 1523
820 1115
2295 881
2408 523
2486 2586
764 636
1515 988
661 74
876 1269
2229 1428
1081 1259
2624 2702
708 250
2449 1881
1502 772
2423 1191
1611 1380
360 151
752 649
1824 2675
1288 1461
590 365
20 267
1713 468
2162 2599
1053 1463
265 100
2557 430
1827 2224
70 1521
2226 2139
749 197
1153 942
15 129
2377 2025
99 1852
1698 66
1934 558
359 2422
344 2229
1483 2060
191 448
983 1636
1306 1499
1127 1153
2330 1696
423 557
2510 2002
1938 1764
415 2353
2478 2220
1956 2649
640 549
633 566
1569 1684
501 174
1954 2150
269 24
840 1196
2113 2586
2373 2507
2027 2409
109 2053
374 455
818 819
2559 1241
1177 1180
538 402
977 1234
675 2339
1726 1684
2600 523
2292 1899
491 182
2291 344
1971 995
2482 1855
1366 2239
1741 565
1136 1740
182 468
1326 2161
200 1464
74 2513
2649 735
187 462
909 827
395 189
1079 1315
519 2448
2590 388
2369 256
2351 1772
2560 2555
2427 2394
964 1481
342 1945
839 1072
2250 1940
1688 1228
2596 2680
219 2563
441 297
480 257
344 1244
1483 1125
604 74
415 1737
1007 1919
1234 977
2566 2531
258 544
1932 18
59 839
1532 558
2137 431
1980 262
1159 163
163 2265
2600 2220
569 2099
565 1438
2325 745
1484 1220
108 898
499 1287
318 445
2581 649
1653 1385
2333 2583
2211 1971
109 488
1032 967
294 186
461 427
618 638
982 247
1597 1138
344 1671
195 707
2559 260
294 21
1642 313
2038 2692
981 965
1407 1155
157 2095
2608 519
1326 971
60 562
25 1181
2107 2496
2329 1918
2577 1020
1022 1282
435 14
1085 1292
2325 2538
193 192
2703 1221
86 373
731 576
244 565
478 227
155 12
467 270
519 2608
2238 2271
1570 1678
2564 1159
1883 2177
2030 2128
1488 611
59 1709
289 2568
671 566
212 169
1835 2011
2638 163
68 1845
776 398
1315 611
340 341
552 85
1857 2020
2239 2513
1787 359
372 38
1980 2202
839 1526
1191 1053
1083 1660
1376 738
2580 1819
767 255
1489 837
1806 2570
1643 868
611 579
427 584
1612 1517
1451 1281
1010 1011
383 631
2696 2695
36 2072
304 108
288 1377
2146 1897
738 565
1109 1570
1025 453
1520 1211
220 295
903 1672
92 2438
577 1502
378 2447
1338 1015
1544 566
862 1513
1341 1044
2060 1483
2178 2082
747 719
1469 1456
970 1378
698 360
829 962
1052 1051
872 59
601 611
2676 2385
2414 1366
1557 1687
745 1756
1797 2200
566 466
2546 1993
2423 2657
38 219
310 668
1912 1932
2421 263
76 2390
2053 2685
191 395
164 517
204 2650
2146 638
1046 2706
29 429
1335 1339
2312 2587
1326 2434
795 794
579 611
1578 1651
400 258
74 377
882 1316
1220 1484
1954 2222
2633 2182
2485 173
1026 1105
456 569
990 58
1146 820
1807 163
1812 1407
2499 2357
72 745
2337 2610
1326 419
294 588
865 2560
2029 1952
1178 1690
492 1741
910 1589
1214 583
2567 2498
2695 2057
875 933
1452 1375
318 991
2634 1876
2160 1747
490 220
552 367
2127 1329
76 661
2040 2004
611 716
188 523
2231 2635
399 427
295 2078
1102 1370
6 251
747 397
1189 638
430 683
585 378
1006 650
552 653
203 747
1212 817
2514 2380
189 2664
1713 892
310 2513
1595 1964
745 124
2156 453
1060 237
345 622
151 1528
576 1922
940 163
548 552
1520 873
76 345
1178 995
846 781
613 14
1583 2396
929 71
1866 2272
1803 1913
1860 2430
458 745
794 795
1218 1299
2508 1235
1484 1522
536 206
832 1701
157 1550
839 354
2314 2187
1973 247
814 1080
1204 2624
1713 2510
102 1893
1424 1799
523 2442
565 367
14 31
1354 1188
1654 855
882 1529
1569 1679
2692 2038
343 1274
638 2465
135 654
230 520
1872 163
677 71
684 1425
1459 45
745 1157
62 2425
123 553
107 108
2491 1981
1251 399
157 916
949 1512
2391 2548
1891 1875
247 1261
672 535
675 344
2443 2343
2262 2435
128 565
1475 801
2661 2375
747 186
2620 1972
322 1027
1447 1515
1640 603
242 574
1546 1376
2206 2261
349 747
1381 1524
253 15
2542 2236
2532 518
728 1127
389 1937
427 2658
294 2430
426 2126
2428 2042
1684 1647
337 77
120 2175
2505 359
1597 486
148 1687
1212 580
1730 1533
2182 1003
1460 638
344 2426
2055 2352
1503 1108
1275 585
2122 75
1607 1223
389 185
471 621
2326 2324
26 747
1569 1609
1961 2527
193 74
160 125
566 565
2074 1647
827 1527
1550 1427
1938 1765
108 498
1564 687
206 1891
633 565
1241 950
142 1547
2177 163
60 252
314 1244
1001 1354
1335 885
1672 807
44 2428
1932 745
576 834
1072 839
1839 2705
1687 1649
55 1832
1964 1862
1453 539
1004 1469
642 484
2330 2604
76 1128
554 552
420 2214
575 882
1263 2585
2580 52
1445 344
1982 1713
1657 1422
222 581
30 2276
2229 2663
1743 2192
1337 944
1522 1484
510 192
2044 1149
2430 2647
1260 344
163 2554
2361 2216
791 1560
337 143
465 466
136 1102
566 1816
297 1321
167 1459
2137 430
1193 1183
453 706
109 1888
2221 566
635 660
100 265
287 591
2660 1933
1879 1760
565 882
1433 798
2462 1986
2030 743
427 201
2551 2473
379 176
2413 668
1157 687
1411 1203
1626 1584
2237 2170
691 565
966 1673
1306 1050
1527 2076
1836 1831
1292 1049
1491 1390
902 981
635 208
1617 236
108 304
881 112
163 1457
145 1646
378 218
1671 344
1006 472
2475 640
758 265
1092 569
2429 2317
944 1337
1509 592
1225 1333
1610 1037
1618 1220
1581 764
1174 1074
1914 427
585 2291
190 519
624 11
145 390
1717 1441
1608 949
638 1808
2489 2371
22 191
2698 2697
316 344
1943 1936
430 208
2175 1257
1029 2456
2393 1952
339 1602
2480 565
413 611
340 709
569 1269
535 1560
2419 1268
2023 2135
958 1409
427 587
1954 978
743 65
250 694
1661 791
25 20
337 346
1812 783
1098 163
2571 613
499 250
228 900
1039 1354
732 20
1506 1507
632 2508
157 2021
2656 2626
747 561
2527 1961
2091 585
638 2673
548 565
751 14
1029 1090
2548 507
2421 115
59 576
2563 2220
1428 2424
285 30
476 1091
2383 427
575 173
991 1368
268 2571
502 747
88 587
641 1739
2011 2633
109 459
2165 2363
88 762
251 6
318 2333
299 2083
2570 1806
1710 576
1292 1085
1027 1336
343 1523
585 1275
1184 781
635 109
14 0
696 215
2412 1758
697 642
237 329
515 637
365 2112
2662 2606
867 46
635 474
2702 881
2414 2239
2582 411
14 435
1174 1135
667 2227
1490 1488
1696 1771
2016 1800
71 1923
598 428
1036 1662
726 576
2153 1977
1973 2451
934 1353
2164 515
1808 638
1644 378
1649 148
2334 1917
858 991
430 236
1354 75
2500 2376
636 2672
1142 1018
570 1814
629 221
1035 1216
2193 2165
2285 2311
1539 924
807 1672
611 719
336 747
957 967
1232 2598
1707 1215
1019 927
600 747
2431 1919
2357 1656
1506 1415
1212 818
145 1224
1854 2645
24 39
2626 2399
672 1363
1170 1198
2206 1911
286 1963
1644 1328
1090 1029
280 192
745 2336
1520 874
2407 2704
307 598
843 568
1588 1114
1781 1819
33 250
2460 2384
1192 875
1678 1339
76 2532
322 2508
799 1122
228 323
565 2480
1206 1544
1208 1429
659 11
1010 1569
1182 1569
1074 1174
163 2604
66 149
209 2334
2675 1595
2346 1301
848 847
1531 66
597 204
1353 934
1718 810
1654 852
2114 1928
867 74
793 1139
2673 995
430 1568
1106 1065
1582 1908
882 565
738 1585
1677 1120
1868 2421
580 1212
1982 41
1067 834
666 745
1230 2598
2451 129
1161 1702
439 420
354 1520
1897 640
1290 1918
1129 814
1325 1175
548 1860
1153 1070
1028 206
932 251
554 565
1254 930
1093 2228
1471 1282
793 1455
2101 2470
2123 2482
686 1698
173 2485
197 3
1765 1770
633 197
638 2146
250 639
1070 163
1238 1025
869 1374
747 330
1393 1128
163 237
1069 793
237 1060
1860 548
149 66
74 2284
2253 2213
515 2164
10 280
746 14
1191 1290
204 2410
555 556
79 438
1436 895
852 1654
2595 1315
2309 1325
2025 2153
456 2099
1790 415
635 651
1424 1530
1461 1357
2259 2175
1234 13
350 730
635 632
2551 523
2607 2310
683 430
1419 1550
1835 2182
565 910
177 965
1586 1388
1917 2334
1385 1653
1240 912
1347 84
740 164
1351 900
248 1326
711 485
983 256
1670 1016
1757 2221
330 576
1036 712
692 438
1136 1060
344 348
2233 703
60 552
1908 1893
427 2255
153 747
719 1112
227 438
597 224
1241 772
2304 2297
2478 2226
1718 2138
2396 163
2622 2033
611 28
250 108
1409 789
842 1540
2572 365
818 817
636 552
2703 1409
2341 788
1335 1024
438 550
860 1184
541 539
1243 1245
1064 952
1964 1863
1910 2575
2409 2027
2657 1161
1261 2089
1644 322
395 191
1065 163
565 1975
893 1290
1305 1740
1582 632
565 2672
2284 2283
747 153
340 529
1985 995
2019 2147
747 310
1082 521
1966 1825
971 1326
163 2557
2423 1601
372 273
210 148
407 1298
355 1093
2675 1256
1780 2007
2466 1830
2270 480
223 686
1569 1486
210 295
1094 355
157 2680
1878 2571
897 157
312 427
970 1533
280 2549
1147 1347
78 214
1473 1474
1111 1328
747 741
846 219
2252 2277
423 62
1931 1921
1968 2619
157 78
1992 1713
1762 571
2485 1378
747 771
163 1362
405 753
2431 2591
284 486
1955 2149
1559 1683
274 204
1071 1498
1513 634
504 702
1027 1388
1305 1106
626 261
1605 1491
482 13
661 1191
55 1784
2546 276
1413 136
809 908
4 170
2529 2294
635 430
1863 1964
1155 1601
109 955
18 890
1498 1351
585 2290
448 163
1515 1711
2536 2629
514 506
2324 2326
1892 2131
1857 2540
833 1516
1025 1006
1682 1681
30 1148
1177 1519
1363 640
2695 2198
1328 1101
168 2604
1674 1680
2480 566
157 716
839 1520
2244 2243
964 1432
2294 2529
1130 959
1223 1422
634 686
1990 201
1025 569
1079 1718
2418 2141
2608 2549
2129 2454
1991 1713
2508 322
1676 207
611 1315
1329 1020
813 163
1355 1148
766 157
967 1394
1506 1504
695 1967
2589 344
811 910
565 691
1766 477
53 1563
163 2295
333 463
2140 623
2094 2164
613 232
566 2658
1114 1371
1931 2402
2162 2586
987 1608
1956 2527
1123 1176
558 1137
523 478
1279 1065
1931 2624
1324 260
578 482
1278 583
484 641
1908 1838
1616 882
0 544
330 747
54 1687
1456 1343
1774 2619
1992 2153
247 2446
1724 1492
2342 1270
1916 2400
1437 1593
1012 882
1575 163
305 552
931 1484
2277 2252
2456 48
558 557
1161 2423
2131 2030
1112 719
359 330
1775 2116
363 143
1161 1592
2020 1857
1553 1554
224 1819
2028 308
905 558
2257 1768
72 747
1795 1793
142 391
1928 74
827 909
1898 1268
2616 1644
1791 1859
16 466
565 1741
809 1639
1819 224
1178 1688
2398 1498
611 899
178 378
163 402
623 1064
163 1734
439 97
2470 2646
652 86
2319 2479
2670 253
215 478
1534 1498
625 700
787 1437
1793 1775
672 1003
747 353
2078 2474
417 508
1117 1603
167 552
611 718
1979 1845
1507 1108
1285 1176
519 420
1019 926
134 1782
2650 2215
1212 819
2610 2337
510 2223
2539 2213
1922 2026
280 193
747 685
1354 1695
2586 1889
539 1209
1618 2343
984 1048
476 1056
2511 2345
278 1898
378 2290
1573 1673
1222 1321
2389 2421
1953 2107
521 156
1060 2039
2140 2292
2577 2508
2030 2659
757 755
294 83
558 1532
2220 1940
2394 2427
796 1629
2034 453
1335 1512
1362 1178
1527 2420
426 1486
824 1621
2233 636
672 109
1366 2373
430 1569
1582 1909
2423 550
1418 726
377 74
1848 2483
70 999
1679 1726
1320 359
1121 540
400 14
1447 566
1784 1184
455 552
400 2354
2294 1140
2266 2421
925 1532
1795 2082
84 950
624 163
2696 672
517 1170
1820 2383
478 618
1716 892
174 163
178 286
1891 206
2219 2022
2624 1878
1030 1796
974 970
580 581
227 823
391 230
2426 1686
344 1445
1521 1185
289 612
552 446
823 227
1751 2691
427 658
1337 1335
641 376
769 163
1752 2706
558 1555
1472 878
633 294
790 1510
1818 2029
257 480
172 245
745 205
1068 359
521 2312
650 472
905 1393
1063 1628
1153 1675
564 565
584 427
1482 1484
378 2012
2135 2583
1272 1604
453 2618
1623 1313
601 552
911 177
2649 1956
2367 1833
479 147
741 204
308 9
163 1286
2405 2203
1169 1284
358 1255
1559 1791
1713 1991
881 74
2200 1969
861 1236
1717 163
1127 793
688 566
1854 1976
1696 1334
423 558
1550 1425
2706 1046
229 747
809 919
208 1270
995 956
173 552
430 2197
2155 591
2391 507
438 692
256 928
2643 2470
594 1122
2333 318
2686 916
1042 206
1971 2211
902 1174
1795 2545
1499 1306
624 112
1859 554
757 188
517 2509
1631 2330
1704 745
2658 2647
1483 1498
749 552
535 109
2571 268
477 229
2276 30
946 1600
2480 523
2633 2011
943 1016
1096 1069
672 2329
2039 2254
1665 883
672 2696
820 1252
426 2431
2270 2043
84 1347
1381 570
188 717
1535 289
748 1941
1353 2317
163 793
1571 343
777 533
1422 1223
1719 1911
2653 672
747 599
15 701
2064 1777
714 1035
2190 2149
1640 1345
2150 2305
1581 1711
1595 1863
2443 1339
621 552
910 565
1372 352
499 1288
2420 1527
2058 757
576 1258
2024 1778
2082 1775
1520 1709
470 478
695 659
2180 1500
949 1608
1827 2110
1974 2227
2445 2268
74 622
2398 2372
564 1841
1925 2206
2057 2465
649 2581
2131 1892
1016 1070
1420 1138
638 1189
754 478
1241 912
964 965
1335 1270
192 10
874 570
209 2704
933 483
420 10
1054 1249
643 2489
444 144
1114 1696
1885 745
2421 2654
899 1672
1450 1710
1756 745
1924 345
1370 2692
1121 806
2589 2424
552 374
438 79
1285 1298
686 225
1458 838
430 547
657 1581
2540 157
2509 1962
2053 488
1237 1422
1824 1595
188 721
562 2018
1428 2229
819 817
1459 2404
910 1432
844 1784
2290 2291
924 672
157 2019
1038 916
65 743
2479 2319
803 357
518 2532
389 332
1684 1569
2160 2434
506 514
2196 938
359 1342
751 8
862 1407
2326 317
703 2233
2339 2126
2192 177
232 14
673 194
966 1481
1214 1635
2144 1326
1630 1195
157 1718
134 2135
2412 427
566 294
2662 527
1489 177
1240 841
1668 2535
523 465
1700 745
565 118
1283 823
566 465
1298 1285
2012 2135
1713 1982
1895 638
998 1240
1442 344
484 642
1634 1252
2024 1932
1498 163
29 426
929 740
2011 2182
1306 1310
735 216
2146 1004
1706 799
1672 899
1498 2158
2582 409
1414 1288
2115 276
2353 415
2334 54
598 307
362 2191
2340 611
550 438
2091 303
2104 2302
1531 887
576 2552
1474 1473
1509 1144
1073 1112
1498 1483
1812 1513
738 2628
1599 671
717 1877
576 59
1697 1667
166 649
779 638
1814 570
729 467
556 2360
2566 62
1323 1149
456 2653
2390 74
1353 294
160 1857
552 451
71 661
611 608
1035 1218
1611 163
46 301
672 1004
2561 719
2260 2501
477 463
943 1466
1979 1844
713 161
1315 2595
735 1956
736 14
994 1354
188 757
427 2683
1265 921
430 686
910 1140
2181 1788
592 589
1176 1354
2573 1942
1127 163
1028 1042
1316 882
181 157
1564 1672
2646 2643
204 274
2252 2271
649 1643
888 1731
2204 846
1649 1228
688 207
2515 1999
1962 1827
2701 2263
2276 1864
1240 950
378 2291
999 1463
2220 2478
1157 741
459 130
1734 1249
1435 1043
192 519
1555 558
1095 1433
137 138
562 1117
163 1530
844 55
1932 2024
333 566
479 92
1769 2330
1591 1701
2158 2449
299 746
469 214
2189 2190
2220 2252
1750 2106
163 1099
904 115
1505 865
1604 1451
1822 2662
1310 1306
1415 1504
2166 1527
355 2068
964 910
1174 1033
402 403
1287 810
615 555
227 378
1667 740
570 1524
1164 1626
1184 120
2499 2322
565 1727
2356 1705
2257 2444
681 402
74 2390
2499 1935
268 14
730 1889
1378 21
1523 1060
463 477
763 747
267 334
429 29
1172 915
552 16
608 680
207 1676
115 904
294 1353
779 747
1393 1437
2040 1924
1008 1569
1909 1545
576 293
2503 2358
177 430
603 540
342 2016
1431 1412
846 2204
740 1683
2045 638
483 650
129 188
1862 1595
2349 1929
2399 2398
1203 542
1293 672
979 766
565 633
1278 486
781 1184
378 1275
2371 2489
1122 594
558 2034
2373 916
924 1460
747 763
1135 1444
163 602
1305 163
1322 1027
756 379
1910 2366
1553 901
635 634
502 567
1076 1078
2343 1337
2237 2274
1908 2514
1463 999
381 635
773 1643
2613 1756
1173 318
2681 78
259 582
429 1290
2196 2267
2366 2575
1249 793
1070 793
556 615
627 1270
716 157
163 1127
479 449
359 2499
1756 1663
749 483
566 699
2612 2625
240 61
645 312
701 1644
468 2377
563 163
797 1645
1300 1320
1211 1247
1189 1687
1366 2513
1354 1465
2319 2131
2670 489
2153 2022
2275 2191
538 2165
202 427
1504 1525
537 606
465 523
247 1117
2334 1832
28 611
728 943
1889 562
2033 2622
2392 1925
89 635
1823 2487
570 1258
1982 1716
542 747
905 976
2178 2582
1030 1136
438 96
507 2427
2408 2145
1687 54
2518 2298
58 1891
552 298
2166 260
1984 2379
2039 1060
2193 129
2511 2141
239 82
1093 1659
2088 248
1595 1862
483 277
778 25
2174 636
2583 378
381 430
2214 2223
1527 1543
2327 1924
427 202
1903 2612
2579 2279
2302 403
394 608
1123 539
1637 157
1454 1169
793 1694
1155 1812
1541 1395
1524 1245
2168 2350
1329 1049
1268 2323
2317 1353
2467 2468
1178 1230
2568 717
259 320
1759 2288
102 1824
250 31
317 2326
613 616
2679 2578
941 1441
1814 834
583 64
964 966
1775 2082
601 1741
248 419
523 961
2688 1840
415 2103
1816 566
1322 323
1608 1220
74 2335
973 993
671 562
1325 2309
771 104
1530 145
1009 934
2441 66
1804 1805
2634 1197
2213 2290
2565 2157
560 2287
831 2466
565 2642
686 119
1203 779
1374 1548
857 1483
608 975
127 745
453 2092
1985 2065
983 928
2651 2059
22 1790
507 2548
1519 963
845 784
2439 1875
2095 157
929 1697
552 548
600 1052
163 530
1236 1669
1906 2421
2282 1686
1537 1556
1468 848
1240 987
1554 901
668 604
1460 672
1672 1352
1484 1482
1269 876
1875 407
191 294
588 186
2183 2150
865 795
998 1241
873 1520
2619 328
2434 2160
719 1133
795 865
2083 1827
467 464
1564 611
1420 1047
2343 430
2666 2411
2307 1772
1339 2677
121 1990
1016 1466
2522 2275
821 607
520 230
1553 1552
247 563
74 71
364 365
1643 649
1184 1784
1219 1153
735 2106
422 1685
728 1016
210 1459
2153 1982
1560 535
1534 1278
1173 1328
738 2629
478 396
1645 204
1112 926
173 162
1114 1588
965 902
1710 1656
699 294
650 1006
192 420
1082 1081
74 1928
1510 2057
2087 2261
1790 565
153 63
480 2570
167 554
2441 344
488 2053
1745 2641
230 142
552 738
367 483
1275 1234
1838 2514
1650 1466
1493 867
523 1687
70 1986
1545 1086
327 945
2545 1773
2326 508
78 157
747 542
68 979
2066 985
1996 1997
1339 434
808 1450
1964 2675
867 1493
2271 2252
1255 894
227 1318
2206 1925
2682 2348
550 1422
1694 1455
411 536
380 163
1103 427
128 294
238 193
332 62
2166 776
1060 1890
943 1646
289 1537
686 2557
1801 576
2296 145
632 635
1435 1042
523 508
2453 427
2683 2044
333 565
1148 486
235 747
569 255
2445 2275
163 1098
386 747
1932 1912
1461 304
1910 705
74 310
2591 2431
254 1176
1401 951
494 747
1635 1706
1284 430
793 1249
928 1636
563 247
580 1215
1067 839
560 1375
738 1727
1368 454
1173 2583
427 2044
1534 1163
904 1372
1783 2348
1755 611
427 1037
227 2319
55 1905
399 1251
1952 2029
2219 2008
463 333
12 155
1117 1588
1375 560
2215 344
183 66
296 638
781 1533
1019 862
1443 1540
2175 2249
2261 1719
1581 1447
2570 667
1456 308
427 946
1439 53
1354 479
1600 411
1190 809
552 621
572 624
976 905
2549 193
966 1140
1155 1407
1689 219
2429 1143
1139 780
186 294
1240 1141
453 2455
757 1965
2426 1007
1494 1282
143 180
328 747
2070 2640
1718 201
569 456
1651 1578
1527 1747
2256 2597
1330 793
565 60
839 1709
74 1017
2112 2572
367 552
427 399
66 69
1869 2409
565 173
1136 1063
397 747
430 1270
554 446
1050 1499
2404 1459
1894 2524
688 552
1121 1138
1211 1520
2182 2146
992 1354
359 2498
598 158
1149 912
569 1712
107 1937
1094 2228
774 1493
2638 2202
250 107
2702 2624
2405 2397
723 552
727 1136
2118 2442
1270 430
1603 2089
2521 2529
1241 84
2615 1647
1944 1259
1020 1337
552 239
663 2393
897 1240
188 139
1254 1062
562 440
463 3
747 124
893 1174
239 552
2306 2594
761 40
1613 1162
2499 1787
2414 1718
507 1888
1689 1738
72 771
549 287
1838 485
1674 1354
2624 1204
728 1466
2284 2278
1871 359
552 412
1278 289
943 728
602 1114
1299 1392
1269 418
2295 163
862 2364
559 552
355 1094
214 587
112 881
1365 1044
2126 2591
483 566
465 103
771 745
591 488
2525 1527
2218 2049
36 2390
485 2561
1535 1537
294 477
1162 1613
2467 2155
85 552
432 598
1814 1801
2511 2418
518 76
2682 48
1383 1398
1569 1182
539 1123
116 686
427 205
300 1621
1473 1249
2426 2126
87 383
74 906
1447 1581
294 191
2058 755
1716 1982
1051 2576
467 729
2305 2150
503 1851
2352 2055
822 1484
912 1149
146 17
1550 684
646 450
1425 525
565 306
1563 803
2303 1951
770 730
1546 63
1178 1231
1488 427
2044 80
265 758
538 2309
1566 453
1113 163
482 251
926 1112
84 155
9 761
505 74
1954 2183
726 1418
2153 115
236 430
365 590
1569 208
2027 636
916 2686
2429 2667
427 1975
500 1767
839 874
1621 300
418 1198
2683 668
1347 1147
1471 1633
136 2487
565 1782
1112 2415
1143 2165
1718 1373
193 519
2427 2591
638 1895
2507 371
1249 1474
1512 1112
2301 1907
2674 2543
999 70
2018 2014
1596 348
569 1273
435 751
1747 1324
686 116
63 739
615 54
488 591
1138 1121
1758 2412
772 1240
148 210
1858 2481
1520 1200
690 2457
75 1855
1940 2250
1990 2093
1156 1013
174 2409
2001 1796
163 2296
1733 41
1053 1191
426 318
707 195
822 1644
1520 834
1656 1710
1748 2182
1260 1104
376 704
1445 1442
574 640
459 267
975 1079
721 188
1724 1538
1321 1041
594 1621
2519 2264
543 540
2705 2216
1796 1030
2220 2139
1124 453
382 1236
206 1042
1026 1433
1526 576
317 508
1846 1847
2091 1539
1736 1737
1328 1568
1266 1576
826 1273
2454 1342
453 1449
74 2654
1163 1534
2068 2228
914 272
58 990
1642 986
793 1205
2286 2280
766 518
2413 1718
1795 1794
364 366
1582 1086
1569 877
210 644
2599 2162
1149 1323
1059 1055
231 30
2539 1428
552 167
2203 2405
1854 2482
258 14
1240 84
745 666
1800 1994
1474 1249
1624 1550
2084 2615
407 512
1777 2064
1157 1704
1329 2127
1584 1164
1072 1520
1549 1602
1993 276
1688 1178
56 1027
24 269
576 330
1980 2457
2707 2344
1160 1166
1288 1091
2165 538
1327 638
1018 1142
945 788
290 1839
1862 1644
995 1690
2552 576
2271 2238
1937 623
1888 507
819 1212
565 1440
910 1253
1123 1354
78 2681
163 2196
665 294
2425 423
156 431
191 22
565 773
1579 1103
2168 1363
539 1210
562 1401
380 188
1964 102
1290 2329
1716 1991
2508 2577
1718 157
1421 1417
1908 1647
1794 2545
611 2501
53 243
368 747
624 572
1709 839
1053 931
687 741
359 2376
672 130
2335 74
2413 1366
1462 1657
2189 2188
350 201
633 1459
136 479
467 495
302 428
503 501
2675 1964
566 733
455 374
576 605
1415 1506
1071 1292
2060 2062
2211 854
427 2437
636 2173
985 159
1690 1178
738 1741
100 758
502 294
766 979
582 1498
14 258
1409 958
2475 2246
453 1566
166 457
1354 806
380 1257
1501 693
1805 2289
2005 2345
2624 1931
204 747
1576 1595
1408 1249
163 290
399 1250
163 1558
1273 319
979 68
887 983
1537 1348
415 1836
1521 1237
1562 1637
2341 559
867 667
7 258
1886 1902
2381 687
667 1356
2645 1854
2442 565
1870 2362
1216 1571
163 145
76 694
2542 2262
884 109
793 42
354 1072
1409 2220
694 250
2598 1631
1103 74
92 136
719 2561
1493 774
138 416
747 620
966 910
1333 578
162 173
2107 2046
815 880
28 1606
502 565
