1 325
4 41
4 62
4 95
12 126
28 2544
32 141
33 41
33 62
33 109
33 113
33 1754
33 1959
33 2195
33 2325
35 1311
41 4
41 33
41 42
41 45
41 50
41 62
41 74
41 95
41 109
41 113
41 129
41 142
41 151
41 1754
41 1908
41 1959
41 2195
41 2325
41 2413
42 41
42 45
42 50
42 129
42 1338
42 1467
42 2413
45 41
45 42
45 50
45 129
45 1338
45 1467
45 2413
50 41
50 42
50 45
50 129
50 1338
50 1467
50 2413
52 1314
57 1354
59 664
59 1249
59 2301
62 4
62 33
62 41
62 95
62 113
62 1754
62 1959
74 41
74 109
74 2195
87 1682
88 90
88 157
90 88
92 2446
95 4
95 41
95 62
95 1171
95 1172
97 1311
99 1857
100 1988
107 144
109 33
109 41
109 74
109 113
109 2195
109 2413
113 33
113 41
113 62
113 109
113 1754
113 1959
113 2195
113 2325
116 2252
126 12
129 41
129 42
129 45
129 50
129 2413
141 32
142 41
144 107
151 41
157 88
160 166
164 1191
164 1233
166 160
178 199
195 211
199 178
211 195
214 2291
243 1597
247 255
249 255
255 247
255 249
264 1487
265 300
276 1390
280 622
300 265
319 499
320 321
321 320
325 1
337 581
344 581
351 366
359 543
359 1225
366 351
372 375
375 372
382 1098
382 2637
397 415
397 427
408 664
408 1249
408 2301
415 397
415 427
417 1911
427 397
427 415
448 1451
464 465
465 464
473 983
473 1066
473 1067
473 1467
475 476
475 922
476 475
487 488
488 487
494 497
495 496
496 495
497 494
499 319
533 1889
543 359
543 1225
569 577
577 569
581 337
581 344
581 2578
596 2532
600 914
603 607
607 603
608 2532
609 2148
615 1642
615 1769
615 2514
622 280
629 1291
630 1291
634 917
648 651
651 648
657 900
657 1443
658 899
664 59
664 408
664 1249
664 2301
669 1042
679 680
680 679
681 1067
711 1582
717 2081
721 1769
721 2216
721 2514
728 1612
730 731
730 732
731 730
731 732
732 730
732 731
735 1865
741 1726
744 1664
745 746
746 745
768 1191
768 1233
771 775
775 771
805 809
805 1526
809 805
809 1066
809 1067
887 1259
887 1260
887 1861
899 658
900 657
900 1443
900 2490
903 1896
904 1769
904 2514
909 911
911 909
914 600
917 634
920 921
921 920
922 475
927 2584
928 929
928 2653
929 928
929 2653
945 947
946 1492
947 945
948 1066
948 1067
948 1484
961 963
963 961
970 2265
979 1333
979 1390
979 2533
983 473
987 1103
987 1104
987 2142
996 1067
996 1338
1001 1002
1001 1003
1001 1004
1002 1001
1002 1003
1002 1004
1003 1001
1003 1002
1003 1004
1004 1001
1004 1002
1004 1003
1020 2026
1021 1832
1027 2241
1039 1040
1039 1041
1040 1039
1040 1041
1041 1039
1041 1040
1042 669
1049 2491
1058 1062
1058 2093
1061 1062
1061 1065
1061 2093
1062 1058
1062 1061
1062 1065
1062 2093
1063 2092
1065 1061
1065 1062
1065 1069
1066 473
1066 809
1066 948
1066 1067
1066 1656
1066 2437
1067 473
1067 681
1067 809
1067 948
1067 996
1067 1066
1067 1338
1067 1656
1067 2365
1069 1065
1070 2093
1071 1434
1089 1793
1093 1630
1098 382
1098 2691
1103 987
1103 1104
1103 2142
1104 987
1104 1103
1104 2142
1116 2449
1117 1971
1144 1146
1146 1144
1158 1645
1158 1927
1171 95
1171 1172
1172 95
1172 1171
1190 2089
1190 2091
1191 164
1191 768
1191 1233
1191 2533
1194 1196
1196 1194
1201 2249
1211 1251
1211 1519
1219 1562
1223 1229
1225 359
1225 543
1229 1223
1229 1230
1229 1712
1230 1229
1233 164
1233 768
1233 1191
1235 1531
1249 59
1249 408
1249 664
1249 2301
1251 1211
1259 887
1259 1260
1259 1861
1260 887
1260 1259
1291 629
1291 630
1292 1293
1293 1292
1309 1312
1311 35
1311 97
1311 1856
1312 1309
1314 52
1333 979
1338 42
1338 45
1338 50
1338 996
1338 1067
1354 57
1373 1376
1376 1373
1390 276
1390 979
1390 1757
1390 2452
1397 1398
1398 1397
1401 1402
1402 1401
1405 1838
1411 1865
1422 2365
1430 2609
1434 1071
1435 1436
1435 1437
1435 2161
1436 1435
1436 1437
1437 1435
1437 1436
1443 657
1443 900
1451 448
1460 1467
1460 1839
1461 1462
1462 1461
1467 42
1467 45
1467 50
1467 473
1467 1460
1467 1839
1484 948
1487 264
1492 946
1509 1514
1514 1509
1519 1211
1526 805
1531 1235
1531 2194
1533 2461
1540 1545
1541 1544
1541 2362
1544 1541
1544 2362
1545 1540
1547 1551
1548 1555
1551 1547
1555 1548
1562 1219
1566 2439
1579 2235
1582 711
1582 2033
1597 243
1611 2415
1612 728
1626 2242
1630 1093
1642 615
1644 1825
1645 1158
1656 1066
1656 1067
1664 744
1674 1677
1677 1674
1682 87
1685 2170
1691 1694
1694 1691
1709 1710
1709 1711
1710 1709
1710 1711
1711 1709
1711 1710
1712 1229
1717 2127
1726 741
1736 1769
1736 1885
1736 2154
1736 2439
1736 2514
1751 2091
1754 33
1754 41
1754 62
1754 113
1754 1959
1754 2697
1756 1883
1756 2063
1757 1390
1758 1759
1758 1763
1759 1758
1759 1763
1762 1764
1762 1768
1763 1758
1763 1759
1764 1762
1764 1768
1768 1762
1768 1764
1769 615
1769 721
1769 904
1769 1736
1769 1988
1769 2154
1769 2439
1769 2514
1780 1990
1793 1089
1808 1812
1812 1808
1824 1828
1825 1644
1828 1824
1828 1832
1832 1021
1832 1828
1837 2574
1837 2575
1838 1405
1839 1460
1839 1467
1839 2575
1851 2418
1856 1311
1857 99
1861 887
1861 1259
1865 735
1865 1411
1869 1870
1870 1869
1883 1756
1883 2063
1885 1736
1889 533
1896 903
1908 41
1911 417
1927 1158
1937 1943
1943 1937
1946 1949
1949 1946
1951 2543
1959 33
1959 41
1959 62
1959 113
1959 1754
1971 1117
1988 100
1988 1769
1988 2514
1990 1780
2002 2037
2002 2073
2019 2022
2022 2019
2026 1020
2033 1582
2034 2459
2037 2002
2037 2073
2063 1756
2063 1883
2064 2065
2065 2064
2068 2069
2068 2629
2069 2068
2073 2002
2073 2037
2074 2155
2081 717
2089 1190
2091 1190
2091 1751
2092 1063
2093 1058
2093 1061
2093 1062
2093 1070
2112 2439
2127 1717
2142 987
2142 1103
2142 1104
2148 609
2154 1736
2154 1769
2154 2439
2154 2514
2155 2074
2161 1435
2170 1685
2194 1531
2195 33
2195 41
2195 74
2195 109
2195 113
2195 2413
2195 2569
2203 2205
2205 2203
2214 2216
2216 721
2216 2214
2235 1579
2241 1027
2242 1626
2249 1201
2252 116
2253 2528
2263 2264
2264 2263
2265 970
2277 2515
2279 2515
2291 214
2301 59
2301 408
2301 664
2301 1249
2325 33
2325 41
2325 113
2362 1541
2362 1544
2365 1067
2365 1422
2366 2367
2367 2366
2388 2389
2389 2388
2396 2703
2404 2405
2405 2404
2413 41
2413 42
2413 45
2413 50
2413 109
2413 129
2413 2195
2415 1611
2418 1851
2437 1066
2439 1566
2439 1736
2439 1769
2439 2112
2439 2154
2439 2514
2446 92
2449 1116
2452 1390
2459 2034
2461 1533
2487 2652
2488 2489
2488 2652
2489 2488
2489 2652
2490 900
2491 1049
2514 615
2514 721
2514 904
2514 1736
2514 1769
2514 1988
2514 2154
2514 2439
2515 2277
2515 2279
2528 2253
2532 596
2532 608
2533 979
2533 1191
2535 2536
2536 2535
2543 1951
2544 28
2562 2563
2563 2562
2569 2195
2571 2575
2574 1837
2575 1837
2575 1839
2575 2571
2578 581
2584 927
2609 1430
2623 2624
2624 2623
2629 2068
2637 382
2652 2487
2652 2488
2652 2489
2653 928
2653 929
2667 2668
2668 2667
2669 2670
2670 2669
2691 1098
2692 2693
2693 2692
2697 1754
2703 2396
