5 97
8 308
19 75
24 2242
24 2745
29 792
29 793
29 1903
30 31
30 780
31 30
31 780
36 63
36 97
37 278
55 3279
57 1090
57 1392
57 1636
58 414
60 443
61 943
63 36
64 682
67 106
69 655
69 888
69 1007
72 674
75 19
85 700
88 297
88 471
90 1129
93 800
97 5
97 36
97 949
104 589
105 153
105 987
106 67
106 998
108 201
121 866
124 881
126 617
132 536
136 807
136 809
138 485
139 907
144 418
149 150
149 325
149 326
149 327
150 149
150 324
150 325
150 326
150 327
151 336
153 105
153 987
168 238
173 383
201 108
208 211
209 719
211 208
213 778
214 860
228 232
231 248
232 228
235 592
235 1226
238 168
244 253
245 1343
248 231
253 244
253 259
256 967
257 829
259 253
262 272
263 1416
264 816
265 372
272 262
278 37
292 596
292 1127
292 1444
292 2582
293 396
297 88
297 471
298 919
299 2914
301 2310
308 8
324 150
325 149
325 150
325 326
325 327
326 149
326 150
326 325
326 327
327 149
327 150
327 325
327 326
336 151
352 2486
352 2583
360 361
361 360
372 265
376 377
377 376
383 173
395 872
396 293
414 58
416 417
416 419
417 416
418 144
419 416
421 1294
432 2260
442 1062
443 60
471 88
471 297
485 138
487 489
489 487
512 513
513 512
519 520
520 519
526 527
527 526
530 2730
536 132
541 1628
543 2336
553 1850
571 575
575 571
589 104
592 235
592 1226
593 594
594 593
596 292
596 1444
596 1695
596 2582
596 2877
617 126
621 623
621 624
622 625
623 621
623 624
623 625
624 621
624 623
624 625
625 622
625 623
625 624
641 642
642 641
648 1012
655 69
655 888
655 1007
668 669
669 668
674 72
682 64
686 687
687 686
700 85
719 209
725 2400
727 728
728 727
729 730
730 729
746 804
758 759
759 758
768 769
769 768
778 213
780 30
780 31
787 3049
792 29
792 1903
793 29
793 1903
796 797
796 1722
797 796
800 93
804 746
804 910
807 136
807 809
809 136
809 807
816 264
829 257
833 834
834 833
847 848
848 847
855 3124
860 214
863 864
863 865
864 863
865 863
866 121
867 1984
872 395
877 937
881 124
888 69
888 655
888 1007
907 139
910 804
919 298
934 3235
937 877
943 61
949 97
964 965
965 964
967 256
972 1444
972 1695
972 2582
987 105
987 153
998 106
998 1000
999 1000
1000 998
1000 999
1004 1005
1005 1004
1007 69
1007 655
1007 888
1012 648
1012 2181
1013 1545
1013 1725
1014 1378
1030 1408
1033 2014
1037 1042
1042 1037
1043 1634
1045 1470
1055 1066
1057 2942
1058 1089
1058 1500
1061 1979
1062 442
1065 1093
1065 2027
1066 1055
1070 1088
1071 1680
1073 1075
1073 1387
1075 1073
1075 1387
1076 1078
1076 1600
1078 1076
1078 1600
1081 3293
1082 1716
1088 1070
1089 1058
1089 1347
1089 1499
1090 57
1090 1392
1090 1608
1091 2160
1093 1065
1093 2027
1099 1768
1102 1959
1107 1174
1110 1563
1120 1206
1124 1140
1127 292
1127 1444
1127 1695
1127 2877
1129 90
1131 1883
1133 3305
1138 1632
1140 1124
1142 1192
1148 1687
1150 1508
1152 2949
1170 2166
1174 1107
1174 1404
1178 1945
1182 1540
1182 1541
1189 1195
1192 1142
1193 1966
1195 1189
1198 1469
1205 1848
1206 1120
1210 1256
1210 1604
1222 1799
1226 235
1226 592
1236 2118
1246 2167
1256 1210
1259 1270
1270 1259
1271 1865
1282 1766
1286 1302
1292 1760
1292 1854
1294 421
1294 1506
1302 1286
1314 1359
1316 1658
1316 2135
1317 1676
1319 1323
1323 1319
1329 1342
1329 2470
1342 1329
1343 245
1347 1089
1347 1499
1348 1965
1359 1314
1359 1736
1361 1448
1370 1941
1378 1014
1381 1517
1387 1073
1387 1075
1390 1912
1392 57
1392 1090
1398 1400
1400 1398
1404 1174
1408 1030
1416 263
1432 1433
1433 1432
1439 1440
1440 1439
1444 292
1444 596
1444 972
1444 1127
1444 1695
1444 2582
1448 1361
1451 2329
1469 1198
1470 1045
1499 1089
1499 1347
1500 1058
1506 1294
1508 1150
1516 2467
1517 1381
1529 2654
1540 1182
1540 1541
1541 1182
1541 1540
1545 1013
1563 1110
1576 1935
1600 1076
1600 1078
1604 1210
1604 1606
1606 1604
1608 1090
1628 541
1632 1138
1634 1043
1636 57
1639 1673
1658 1316
1673 1639
1676 1317
1680 1071
1687 1148
1695 596
1695 972
1695 1127
1695 1444
1695 2582
1711 1712
1711 1713
1712 1711
1713 1711
1716 1082
1716 1717
1717 1716
1722 796
1725 1013
1731 1985
1736 1359
1736 1737
1737 1736
1759 1946
1760 1292
1766 1282
1768 1099
1774 1781
1781 1774
1784 1785
1785 1784
1785 1786
1786 1785
1788 2066
1792 1793
1793 1792
1793 1794
1794 1793
1799 1222
1813 2948
1813 2954
1813 2959
1836 1837
1837 1836
1848 1205
1850 553
1854 1292
1865 1271
1866 1867
1867 1866
1883 1131
1903 29
1903 792
1903 793
1910 1911
1911 1910
1912 1390
1935 1576
1941 1370
1945 1178
1946 1759
1958 1959
1959 1102
1959 1958
1965 1348
1966 1193
1979 1061
1984 867
1985 1731
1992 1993
1993 1992
1998 1999
1999 1998
2014 1033
2027 1065
2027 1093
2028 2029
2029 2028
2032 2033
2033 2032
2066 1788
2101 3238
2118 1236
2135 1316
2160 1091
2166 1170
2167 1246
2173 2174
2174 2173
2178 2476
2180 2935
2181 1012
2181 2865
2195 2209
2197 2504
2202 3028
2204 2265
2209 2195
2210 2275
2219 2489
2224 2558
2224 3022
2226 2341
2232 3202
2234 2270
2234 3052
2234 3054
2242 24
2242 2745
2245 3125
2246 3035
2249 2797
2260 432
2265 2204
2270 2234
2270 3052
2270 3054
2275 2210
2282 3124
2285 2614
2285 2615
2285 2616
2291 2830
2308 3270
2308 3271
2310 301
2312 3147
2315 2768
2316 2406
2329 1451
2336 543
2341 2226
2345 3269
2349 2746
2364 3012
2369 3070
2375 3212
2376 2573
2378 2682
2382 2396
2383 2816
2396 2382
2399 2976
2400 725
2404 2960
2406 2316
2411 2741
2414 3257
2419 2980
2421 2883
2423 2474
2426 3119
2427 2442
2442 2427
2448 2562
2456 2624
2467 1516
2470 1329
2474 2423
2476 2178
2483 2485
2485 2483
2486 352
2489 2219
2490 2578
2504 2197
2516 2517
2517 2516
2531 2533
2533 2531
2558 2224
2558 3022
2562 2448
2573 2376
2578 2490
2582 292
2582 596
2582 972
2582 1444
2582 1695
2582 2877
2583 352
2611 2612
2612 2611
2614 2285
2614 2615
2614 2617
2614 2618
2615 2285
2615 2614
2615 2616
2616 2285
2616 2615
2617 2614
2618 2614
2624 2456
2639 2640
2640 2639
2643 2645
2645 2643
2654 1529
2657 2658
2658 2657
2682 2378
2693 2694
2694 2693
2730 530
2741 2411
2745 24
2745 2242
2746 2349
2768 2315
2797 2249
2805 3113
2807 3113
2814 2815
2815 2814
2816 2383
2826 3123
2830 2291
2837 2838
2838 2837
2865 2181
2876 2947
2877 596
2877 1127
2877 2582
2883 2421
2914 299
2935 2180
2942 1057
2947 2876
2948 1813
2948 2959
2949 1152
2954 1813
2954 2958
2958 2954
2959 1813
2959 2948
2960 2404
2976 2399
2980 2419
2984 2986
2986 2984
2988 2989
2989 2988
3012 2364
3022 2224
3022 2558
3028 2202
3035 2246
3049 787
3052 2234
3052 2270
3054 2234
3054 2270
3055 3056
3056 3055
3070 2369
3083 3084
3084 3083
3113 2805
3113 2807
3119 2426
3123 2826
3124 855
3124 2282
3125 2245
3147 2312
3167 3168
3168 3167
3177 3178
3178 3177
3202 2232
3212 2375
3235 934
3238 2101
3241 3242
3242 3241
3257 2414
3269 2345
3270 2308
3271 2308
3279 55
3293 1081
3302 3306
3305 1133
3306 3302
